 
--------------------------------------------------------------------------------
Data for Table Block EXTRACTION RESULTS
--------------------------------------------------------------------------------
 
ROW    CATALOG_NAME         RA                   DEC                  PH1                  SRC_SIGNIF[16]       CHI_SQR              NET_CNTS[16]         NH1                  R                    HR2
 
     1 174540.04-290028.1             266.416870           -29.007830               1.9570        30.0987606049            0.5165250      2951.9167480469               15.120         1.3143155785     0.19572803378105
     2 174540.04-290030.9             266.416840           -29.008590              -1.2510        41.2787895203         1.5247475728      2232.4436035156               5.5310         2.5180166480     0.58661156892776
     3 174539.78-290029.5             266.415750           -29.008220               4.0710        38.3203697205         1.3671022727      2165.7653808594               17.730         2.9564943836    -0.20209135115147
     4 174540.15-290025.9              266.41730            -29.00720              0.67830         5.1527500153            0.4698040       194.1352233887               4.4630         3.9024215866    -0.00981278065592
     5 174539.71-290026.4             266.415470           -29.007360               1.6530         7.8173484802            0.4083560       313.1300048828               12.510         4.3902424352     0.21572312712669
     6 174539.87-290034.2             266.416130           -29.009510             -0.11920         6.5516619682            0.4011460       178.9073028564               1.2490         5.7523550516     0.01880217157304
     7 174540.38-290033.5             266.418250           -29.009330              0.61120         4.4482545853            0.9134140       104.4115905762                4.740         7.9094294003    -0.04306446760893
     8 174540.40-290024.1             266.418370            -29.00670              0.69390         6.1691775322            0.8287980       172.9784393311               6.4530         8.0343491484     0.14568491280079
     9 174540.60-290026.6              266.41920           -29.007390              -1.2170         3.5143766403            0.7686840        88.2118606567             0.099940         9.8308538712     0.26051631569862
    10 174540.45-290036.3             266.418570            -29.01010              0.78510         7.4507207870             1.001530       175.9934082031               7.1410        10.6357727617     0.14038616418839
    11 174539.54-290019.9             266.414760           -29.005530               3.0560       -18.1623592377                  NaN      -412.5143737793                 33.0        10.8313877892     0.48698902130127
    12 174540.64-290033.3             266.419370           -29.009260              -1.2210         2.9496827126      0.8681866666670        61.0118331909             0.099940        11.2397332993     0.79364615678787
    13 174540.73-290027.9             266.419730           -29.007750              0.63970         4.4434289932            0.8108480       108.2679061890               19.690        11.5454918578     0.83742105960846
    14 174540.33-290039.4             266.418070           -29.010950            -0.025860         3.3207464218            1.5576420        63.7105369568               23.670        12.0982331867     0.74085557460785
    15 174540.18-290016.7             266.417450           -29.004660              0.60080         6.4692268372            0.7663780       155.6492462158               16.410        12.3434382827     0.53963571786880
    16 174539.51-290039.4             266.414630           -29.010960             -0.31380         4.8602976799            0.9564080       113.2857894897                1.810        12.7746795123     0.22139978408813
    17 174540.11-290041.3             266.417160           -29.011490              0.73610         3.5486371517            0.7581860        62.4512519836               9.6160        12.8981669953     0.22213295102119
    18 174540.55-290019.0             266.418960           -29.005280              0.28050         9.4894857407            0.9436240       276.3829650879               5.7270        13.0314972831     0.30395406484604
    19 174539.58-290016.8             266.414950           -29.004680                  NaN     0.30897670984268                  NaN         7.0508632660                  NaN        13.1163019728        -5.2200484276
    20 174540.79-290024.5             266.419990           -29.006820               0.9860         5.9050831795            0.2680480       161.8636322021               5.9740        13.1180606431     0.10626193135977
    21 174539.07-290029.4             266.412810           -29.008190             -0.49720         3.8694901466            0.6223920        76.0016860962               5.2090        13.4169102197     0.44612315297127
    22 174539.70-290042.0             266.415440           -29.011690                  NaN         1.0095832348                  NaN        19.2225780487                  NaN        13.9792357388    -0.87319773435593
    23 174540.21-290042.5             266.417560           -29.011810              0.34110        11.1547536850          0.729348750       260.7156066895               16.760        14.3370012429     0.56130605936050
    24 174539.96-290014.3             266.416540           -29.003980                  NaN        -1.3203074932                  NaN       -22.7204360962                  NaN        14.3388451920    -0.63718724250793
    25 174539.47-290016.3              266.41450           -29.004530               3.0550         3.0581507683            0.5916380        55.2253990173               11.410        14.3578132542    -0.16509371995926
    26 174539.84-290014.3             266.416040           -29.003990              -1.6750         5.4292278290             1.785630       121.3303146362               32.380        14.4111687187     0.74708157777786
    27 174539.40-290040.9             266.414190           -29.011370               1.9320         7.9380626678            0.6860540       202.5586090088               12.770        14.8794793941     0.07184983789921
    28 174540.95-290031.2             266.420630           -29.008670              0.89040         8.4406652451            1.7850940       212.2934875488               5.3950        14.9778383968     0.03835410252213
    29 174538.98-290023.1             266.412430           -29.006430                  NaN         2.6740944386                  NaN        41.9482765198                  NaN        15.7580060111     0.90478563308716
    30 174540.01-290012.5             266.416710           -29.003480              0.89790         7.3896207809            1.1216660        171.313003540               22.390        16.1518039067     0.61791419982910
    31 174541.03-290026.8               266.4210           -29.007470               1.3640         4.2461862564         1.1300166667       107.4853515625               5.4060        16.1895762464    -0.00621550343931
    32 174538.88-290027.1             266.412020           -29.007530               2.5010        10.1929340363         2.0004333333       215.9278411865               32.330        16.3106576644     0.61483007669449
    33 174540.82-290039.8             266.420110           -29.011060             -0.67820          4.571785450            1.6742780        83.4881820679                15.80        17.0412794308     0.94344657659531
    34 174541.10-290029.0             266.421270           -29.008070             -0.19310         9.0582923889            1.0877080       235.1132354736                4.280        17.0683471677     0.30297654867172
    35 174541.05-290034.2             266.421080           -29.009520               1.9280         4.3794817924            0.5133260        90.9518356323               14.050        17.3125003116     0.17658066749573
    36 174540.04-290046.3             266.416860           -29.012880            -0.073750         7.9276833534           0.17674240       150.4848022461               4.4760        17.7410209808     0.30205160379410
    37 174540.63-290013.4             266.419330           -29.003730               0.3860         5.9438076019            0.8283760       127.9731292725               8.0790        18.2709448425     0.23688571155071
    38 174539.17-290042.8             266.413240           -29.011910                1.260         4.1741223335         1.8405833333        88.2413635254               5.3480        18.4981539794    -0.07848817110062
    39 174539.48-290045.8             266.414510           -29.012740               1.4580        10.5076274872         1.2572571429       267.1865844727               7.4620        18.6715203409     0.10913023352623
    40 174539.96-290047.3             266.416520           -29.013150             -0.21940         5.2643427849            1.0355620        90.5756378174               7.6770        18.6732347021     0.56205499172211
    41 174541.02-290017.6             266.420940           -29.004910             -0.32990        14.2966833115         2.1344857143       404.2308349609               8.2740        19.3091962711     0.50588542222977
    42 174540.34-290009.5              266.41810           -29.002640               0.3990         5.9898037910             0.559430       121.0811004639               27.940        19.9789391069     0.80589580535889
    43 174540.98-290014.3             266.420770           -29.003980               1.6770        56.4367446899              1.10080      3668.2888183594                 33.0        20.9425614823     0.63176852464676
    44 174538.69-290037.5             266.411250           -29.010420                  NaN         2.7409906387                  NaN        38.4235687256                  NaN        20.9652480797     0.29264929890633
    45 174538.87-290041.8             266.411980           -29.011620               1.9830        17.2049045563      0.8194684210530       440.6129455566               29.460        21.0149206765     0.54100418090820
    46 174541.34-290033.9             266.422270           -29.009430                  NaN         2.2349665165                  NaN        34.6910629272                  NaN        21.3281965820     0.95536953210831
    47 174538.95-290043.9             266.412320           -29.012210               1.3350         5.8579726219            0.9649560        98.2759780884                20.30        21.5282134103     0.29082730412483
    48 174541.34-290021.5             266.422280           -29.005990                  NaN         -1.732748270                  NaN       -34.1655616760                  NaN        21.8846925461     0.96521306037903
    49 174540.37-290049.9             266.418210           -29.013870               2.0920         7.1909408569             1.713240       133.1777954102               14.610        22.1085285589     0.17118677496910
    50 174541.45-290024.7             266.422730           -29.006880                  NaN     0.58722519874573                  NaN        11.8658571243                  NaN        22.6579575743         4.4679436684
    51 174539.28-290049.1             266.413690           -29.013660             -0.51910         6.9340367317            0.8487320       133.7029571533               1.8580        22.9163142901     0.29769110679626
    52 174540.07-290005.7               266.4170           -29.001610               1.8860        30.7261562347         1.0873964912      1249.8245849609               24.140        22.9333023492     0.43312063813210
    53 174541.49-290027.1             266.422910           -29.007550               1.3360        14.8367586136         1.1235466667       422.7203063965                15.80        23.0160726067     0.38481935858727
    54 174540.10-290052.8             266.417110           -29.014690                  NaN        -7.6187705994                  NaN      -135.8575592041                  NaN        24.3070467116     0.18369522690773
    55 174539.32-290051.1             266.413860           -29.014220              -1.4420         7.0722837448             2.320140       134.3644866943             0.099940        24.4903078593     0.52120923995972
    56 174538.91-290009.5             266.412160           -29.002640              -1.0170         3.5599603653            0.8759720        53.7603988647                0.090        24.7933202263     0.78484570980072
    57 174539.66-290053.1             266.415290           -29.014760                  NaN         3.2680327892                  NaN        55.4911499023                  NaN        24.8730586105     0.68389952182770
    58 174541.50-290018.5             266.422920           -29.005160               -1.480         1.9720947742             1.195770        38.6763648987             0.099940        25.1198777989     0.21273672580719
    59 174541.56-290020.5             266.423180           -29.005710               1.3980         9.5828351974             1.076730       239.5237274170                 18.0        25.2766429068     0.48481863737106
    60 174541.39-290014.8             266.422470           -29.004120             -0.27170         3.4678771496             0.654040        66.4292602539               2.1790        25.4691410737    -0.05707540735602
    61 174541.38-290043.0             266.422420           -29.011970                  NaN        -2.2073223591                  NaN       -28.0363559723                  NaN        25.6455846304    -0.54640537500381
    62 174541.47-290016.3              266.42280           -29.004540             0.019280         3.3572435379            0.2079720        65.8136138916                3.240        25.7166596555     0.25546175241470
    63 174541.70-290028.3             266.423760           -29.007880             -0.55270         8.3918695450              0.89070       193.3123016357               5.7750        26.0297150472     0.46245157718658
    64 174539.84-290054.8             266.416010           -29.015230              0.95540         3.6083571911            0.5425880        59.6448936462               11.140        26.2280912275     0.17457287013531
    65 174539.55-290054.2             266.414810           -29.015080                  NaN     0.66600912809372                  NaN         9.9291124344                  NaN        26.3588078911    -0.98188430070877
    66 174538.97-290006.8             266.412380            -29.00190              -1.2020         3.9695193768            0.6367120        62.4341506958              0.76980        26.4501946731     0.36408835649490
    67 174539.25-290004.0             266.413570           -29.001130                  NaN    -0.48049822449684                  NaN        -5.9317474365                  NaN        26.8076723615        -1.2775849104
    68 174538.80-290008.1             266.411670           -29.002260                  NaN         1.7183082104                  NaN        24.2423305511                  NaN        26.9745021204         1.8683308363
    69 174540.16-290055.6             266.417370           -29.015450               2.3350        22.0046386719      0.5162676470590      1028.2801513672               29.340        27.1223075390     0.47779977321625
    70 174539.11-290053.2             266.412970           -29.014790                  NaN         2.9187517166                  NaN        46.5316429138                  NaN        27.7180196956     0.79160040616989
    71 174538.42-290044.0              266.41010           -29.012240               2.4770        12.4997673035      0.3233311111110       247.5093688965                 33.0        27.8011451535     0.54145938158035
    72 174539.41-290002.0             266.414240           -29.000570              -1.3270         3.6928832531            1.5798220        53.2014694214             0.099950        27.8623601843     0.38211557269096
    73 174541.54-290043.5             266.423090           -29.012090             -0.62030         5.9843411446            1.2597140       104.3697204590               8.1620        27.9007499511     0.62884449958801
    74 174541.32-290009.6              266.42220           -29.002670              -1.2780         5.4533457756             1.024790        93.6434631348               1.4620        27.9237380562     0.38644239306450
    75 174541.01-290052.2              266.42090           -29.014510            -0.078360         5.2570090294           0.17589080        78.1226272583               8.3880        28.3373077874     0.59668755531311
    76 174540.61-290001.8             266.419230           -29.000510               1.9460        12.2823143005      0.8703255555560       246.4588623047               32.380        28.5371727514     0.63582998514175
    77 174540.83-290002.8             266.420130           -29.000790              0.44180         4.5388374329            0.8299060        68.0158233643               28.270        28.8925353653     0.83800256252289
    78 174538.07-290022.4             266.408630           -29.006230               0.8990        83.4016876221         1.0101752137      8428.0644531250               22.380        29.1162536299     0.56099462509155
    79 174541.54-290045.9             266.423120           -29.012770              0.12960         3.8960282803            0.6752940        58.2428588867               2.1580        29.3649131283     0.22835144400597
    80 174541.84-290037.6             266.424360           -29.010470            -0.042360        17.8479442596         2.0196636364         605.08593750               26.520        29.5975941426     0.77083849906921
    81 174539.07-290055.1              266.41280           -29.015310              0.74250         5.5941872597            0.6343220        92.8687057495               15.730        29.6626257206     0.38482251763344
    82 174541.92-290032.7              266.42470           -29.009110              0.48820         9.2478265762            0.4640180       190.5498962402               29.920        29.7004383239     0.68267226219177
    83 174539.30-290000.5             266.413790           -29.000150              -0.2940         3.5038142204             0.603360        49.3278808594               4.8780        29.8062975601     0.46277877688408
    84 174540.37-290058.1             266.418240           -29.016140                  NaN    -0.48249134421349                  NaN        -7.3359694481                  NaN        30.0739934136    -0.49951657652855
    85 174541.65-290012.2             266.423560           -29.003410               0.7070         5.0794181824            0.9525980        92.2219238281               9.6950        30.1521672295     0.09018257260323
    86 174537.97-290025.0             266.408210           -29.006950                  NaN       -55.5419654846                  NaN     -1393.0637207031                  NaN        30.1731909855     0.50238037109375
    87 174537.99-290037.8             266.408330           -29.010520              0.13710         5.9748969078            0.6045560        84.1679306030                8.170        30.9219356938     0.38801559805870
    88 174537.88-290028.9             266.407860           -29.008030             -0.60640         4.4564514160            0.9247120        62.5971145630               27.210        31.2129319584     0.80794578790665
    89 174541.86-290042.2             266.424430           -29.011740               -1.350         7.4930496216             1.374690       134.4499206543               1.7190        31.5232842171     0.48485004901886
    90 174541.44-290006.2              266.42270           -29.001740                  NaN         1.9174693823                  NaN        27.3818550110                  NaN        31.5477161113     0.47342243790627
    91 174539.60-290059.8             266.415030           -29.016620              0.37530         9.6432256699            1.8126160       178.9962921143               8.4190        31.6295698839     0.37534201145172
    92 174539.05-290000.0             266.412710           -29.000010                  NaN     0.72743988037109                  NaN         8.4412946701                  NaN        31.7622450819         2.4006214142
    93 174538.31-290048.8             266.409630           -29.013560               2.1830        31.4366817474      0.9145465517240      1157.0130615234                 33.0        31.9846191262     0.54204517602921
    94 174538.85-290056.4             266.411890           -29.015670              0.39690        13.5345554352         1.4361545454       275.4832763672               26.070        32.3854865494     0.61969465017319
    95 174538.18-290047.3             266.409110           -29.013140               1.0570        16.3526687622      0.7060705882350       369.4365234375               30.310        32.5710940535     0.64607757329941
    96 174538.58-290003.4             266.410780           -29.000970                  NaN         2.8341443539                  NaN        37.1709060669                  NaN        32.5923389011     0.47607147693634
    97 174542.07-290037.1              266.42530           -29.010330                  NaN         1.1222141981                  NaN        18.8065605164                  NaN        32.7017130046     0.04102994874120
    98 174541.84-290011.1             266.424340           -29.003090               3.2060         4.6662101746      0.3116166666670        76.1108551025               15.330        33.1399952901    -0.16364799439907
    99 174541.39-290002.8             266.422460           -29.000790                0.170         5.3309454918            0.6605440        78.3389053345               18.220        33.5045385558     0.72243237495422
   100 174542.22-290023.9             266.425930           -29.006650               5.2740         4.2656226158             0.904380        71.7712173462               13.960        34.1685270129        -1.1514183283
   101 174539.12-285956.6               266.4130           -28.999070                  NaN         2.8178017139                  NaN        31.6361827850                  NaN        34.4447482650     0.74956238269806
   102 174537.72-290037.3             266.407180           -29.010380                  NaN         1.9155919552                  NaN        20.6949634552                  NaN        34.7664562682     0.33190140128136
   103 174541.37-290000.6             266.422390           -29.000180               1.0790         4.7221012115             0.795440        67.9885559082               12.570        35.0727011996     0.24360388517380
   104 174537.66-290035.0             266.406920           -29.009730               0.6870        11.4049730301      0.7326185714290       221.4342041016               18.480        35.1759588560     0.51568269729614
   105 174537.55-290029.4              266.40650           -29.008190               1.1810         5.4000353813            1.1295940        77.3694152832               31.490        36.1172462938     0.75098407268524
   106 174538.09-290051.3             266.408710           -29.014270              0.42120         5.4684376717             1.047840        71.5504379272               21.720        36.1671288748     0.63495600223541
   107 174542.37-290034.1             266.426560           -29.009490             -0.73470         3.8873178959            1.2398360        60.5622215271               1.2280        36.5240588083     0.26445174217224
   108 174541.66-290055.0             266.423590            -29.01530               1.3370         4.5920038223            0.5503980        48.8660316467               32.390        36.6555615185     0.81302142143250
   109 174537.91-290006.3             266.407970           -29.001750                  NaN         3.1236665249                  NaN        39.9678421021                  NaN        38.0775471669         1.0929511786
   110 174538.18-290055.8             266.409090           -29.015520            -0.029570        10.8667697906      0.7515383333330       184.2738952637                12.90        38.1772911958     0.50236105918884
   111 174537.98-290052.9             266.408250           -29.014720               2.3870         6.3889040947             3.127040        81.7995452881                 33.0        38.4737861283     0.92349874973297
   112 174542.52-290033.0             266.427180           -29.009190                  NaN         1.3728411198                  NaN        18.8850402832                  NaN        38.5936167758     0.61660087108612
   113 174538.83-290103.5             266.411820           -29.017660                  NaN         2.3302426338                  NaN        23.9403953552                  NaN        38.8092538017         1.2553446293
   114 174541.10-290104.1             266.421270           -29.017810              -1.6920         5.1685776711            0.4145720        61.1432456970               1.9310        39.3424182866     0.62347501516342
   115 174538.85-285952.9              266.41190           -28.998050             -0.55530         5.6078271866            0.3122940        69.2854843140               21.950        39.3874335067     0.83630913496017
   116 174537.34-290027.9             266.405590           -29.007760              0.48850         5.7487115860            0.6914340        88.6451721191               18.670        39.3907796907     0.60815572738647
   117 174539.11-290106.3             266.412960           -29.018440              -1.5270         5.2815079689            0.4776820        66.7037887573             0.099940        39.8467198128     0.63789564371109
   118 174538.22-290058.7             266.409260           -29.016310                  NaN         3.6150133610                  NaN        38.2550506592                  NaN        39.8488143442     0.80533254146576
   119 174542.32-290010.2             266.426370           -29.002860             -0.96490         3.7709326744            0.8811180        58.2103958130              0.65950        39.9042111642     0.13616351783276
   120 174537.29-290026.2             266.405410           -29.007280              -1.1780         4.0571513176           0.18301540        58.1811599731               2.6910        40.1074397268     0.62577950954437
   121 174539.26-290107.4             266.413610           -29.018730              0.46430         6.5405826569            0.7503860         89.762222290               20.390        40.1613342587     0.59277123212814
   122 174539.16-285949.9              266.41320           -28.997210              0.92630         5.7881770134            0.2445760        73.9359359741               13.460        40.5245380065     0.41301855444908
   123 174537.50-290011.9             266.406250           -29.003310              0.06180         3.3120806217            1.2707140        44.9889717102               32.380        40.6224244063     0.75393664836884
   124 174542.06-290002.8             266.425270           -29.000790              0.20310         4.0024204254            1.2346320        60.6474418640               3.3290        40.7038118097     0.09218867123127
   125 174542.54-290041.6             266.427290           -29.011570              0.16780         4.0986385345             0.316040        55.5162086487               6.2130         40.854536040     0.29508957266808
   126 174542.17-290053.3             266.425710           -29.014810                  NaN         3.8060700893                  NaN        36.4701843262                  NaN        41.2280652545     0.34392333030701
   127 174538.36-285955.0             266.409840           -28.998620                  NaN     -0.1577048599720                  NaN        -1.2778869867                  NaN        41.3683312094     0.36901828646660
   128 174541.22-290105.5             266.421760           -29.018220              -1.8650         3.5906534195            0.2544360        39.9024009705             0.099940        41.4483290259     0.73030525445938
   129 174538.45-290103.7             266.410240            -29.01770             -0.78910         4.6252651215            0.9137460        52.7749061584                 33.0        41.7310144407         1.1332701445
   130 174542.21-290003.8             266.425910           -29.001070                  NaN        -1.5712682009                  NaN       -20.8446235657                  NaN        41.9052755990         2.2118394375
   131 174538.61-285951.7             266.410880           -28.997710                  NaN         2.2449808121                  NaN        22.0852546692                  NaN        42.1440714293     0.47786459326744
   132 174541.47-290105.0             266.422810           -29.018070                  NaN         2.5486133099                  NaN        24.6896858215                  NaN        42.8369518411     0.29675722122192
   133 174542.82-290032.0             266.428420           -29.008910              0.52950         3.3294255733           0.10447240        47.2295341492               5.3410        42.9395512394     0.05063037201762
   134 174537.71-290001.9             266.407140           -29.000540             -0.32160        16.4654178619         1.5178941177       378.2650756836               12.540        43.0908163747     0.58733648061752
   135 174542.41-290005.9             266.426730           -29.001660             -0.66480         3.8420135975            1.2015760        61.4780578613               24.690        43.1651572989         1.0430408716
   136 174537.37-290010.0             266.405710           -29.002780               1.6350         5.2822380066            0.2128020        75.8710327148               20.140        43.1903822795     0.54428344964981
   137 174542.74-290039.9             266.428120            -29.01110             -0.55470         3.5527398586         1.3631566667        49.8468856812               32.330        43.2253229280     0.94840997457504
   138 174537.74-290056.4             266.407260           -29.015670              -1.2180         5.2025384903             1.089560        64.5402374268               0.1020        43.3991532987     0.59126347303391
   139 174537.15-290017.8             266.404810           -29.004970              0.94770         4.6838083267              0.38380        68.5195693970               30.030        43.5460810986     0.59245324134827
   140 174541.61-285952.7             266.423390           -28.997990            0.0071450        20.2843418121         2.3592115385       553.4183349609               19.960        43.5764094876     0.63243299722672
   141 174542.53-290049.4             266.427210           -29.013730              0.15580         6.4878649712            1.2577040        75.4483032227               29.920        43.6952643822     0.74442219734192
   142 174541.70-290104.0             266.423780           -29.017790                  NaN    -0.77900969982147                  NaN        -5.8167395592                  NaN        43.9631240910    -0.23442974686623
   143 174542.70-290012.2             266.427940            -29.00340              -2.2050         3.8599007130            1.2549020        64.6418533325               1.4920        44.2388690433     0.76526832580566
   144 174538.69-285948.6             266.411230           -28.996850               3.0820         4.1390290260            0.4914660        45.0948829651               30.610        44.3237007282     0.18268811702728
   145 174539.81-285944.3              266.41590           -28.995640             -0.61040         3.9465856552             0.719320        40.9612960815               2.8660        44.4207366873     0.71476507186890
   146 174541.92-285955.1              266.42470           -28.998660             -0.79230         7.9785614014            1.8135560       132.7572631836                 17.0        44.5724065833     0.65625500679016
   147 174542.26-285959.6             266.426120            -28.99990               1.9830        11.4405841827          0.897206250       232.3944854736                28.70        45.1050074187     0.51373243331909
   148 174537.97-290102.4             266.408220           -29.017350                  NaN         1.6924589872                  NaN        15.4087162018                  NaN        45.1325539079     0.23179769515991
   149 174542.81-290013.8             266.428390           -29.003850                  NaN    -0.32736277580261                  NaN        -5.0023283958                  NaN        45.1905935149        -6.0196528435
   150 174539.32-290112.8             266.413870           -29.020240                  NaN         1.9225207567                  NaN        20.1722640991                  NaN        45.2226963354     0.07590352743864
   151 174538.97-290111.3             266.412380           -29.019820                  NaN         2.7101781368                  NaN        29.2055416107                  NaN        45.2242180590     0.13645377755165
   152 174540.33-285943.7             266.418050           -28.995480              -1.0960         4.3233275414            0.7590560        53.8603057861               1.1090        45.2707248610     0.81379157304764
   153 174538.21-290105.9             266.409230           -29.018320             -0.91210         7.7161736488            0.9031620       109.0624847412               8.8140        45.6160557156     0.63632637262344
   154 174539.03-285945.1             266.412640           -28.995870                  NaN         2.5679998398                  NaN        26.8540496826                  NaN        45.7317267009     0.38925731182098
   155 174539.15-290112.7             266.413140           -29.020220               2.6990         8.4382648468            1.4561640       125.3599395752               32.390        45.7817746602     0.46100261807442
   156 174537.47-290055.6             266.406140           -29.015470                  NaN         2.3638119698                  NaN        25.8270549774                  NaN        46.1456460682     0.63817363977432
   157 174541.15-285945.9              266.42150           -28.996090                  NaN         1.3824716806                  NaN        16.5896110535                  NaN        46.3364933485     0.64382976293564
   158 174539.92-285942.2             266.416370           -28.995070                  NaN         2.9894163609                  NaN        32.9985618591                  NaN        46.4183738948     0.51710951328278
   159 174543.04-290023.5             266.429370           -29.006550                  NaN         2.9851291180                  NaN        51.0046539307                  NaN        46.5030505476    -0.13147841393948
   160 174537.19-290049.8               266.4050           -29.013860                  NaN         3.6212286949                  NaN        41.9862403870                  NaN        46.6218081659     0.53533297777176
   161 174537.57-290058.6             266.406570           -29.016280             -0.16430         6.9981598854            0.5678880        93.0826416016               13.960        46.7132550081     0.63510000705719
   162 174537.07-290011.4             266.404470           -29.003170                  NaN         1.5343912840                  NaN        19.0635566711                  NaN        46.7191307608     0.79538530111313
   163 174539.36-285942.7             266.414030           -28.995220                  NaN         2.2045741081                  NaN        20.3287715912                  NaN        46.7493024016     0.74502772092819
   164 174536.91-290039.3              266.40380           -29.010930               1.5150        12.0290126801             0.357780       437.6239318848               29.210        47.0562813815     0.56119585037231
   165 174538.44-285947.3             266.410180           -28.996480                  NaN     0.45494437217712                  NaN         3.7371406555                  NaN        47.2385010922    -0.55245763063431
   166 174541.35-285945.8              266.42230           -28.996070              0.28760         3.3617172241            0.5619560        43.9232482910                3.830        47.5876358211     0.28616470098495
   167 174537.68-290101.9             266.407040           -29.017210                  NaN         2.7776687145                  NaN        25.8042793274                  NaN        47.7006261243         1.1577327251
   168 174537.15-290051.3             266.404810           -29.014250              -1.7660         3.5147855282            0.7991160        38.6968345642             0.099940         47.879292040         1.1094033718
   169 174537.45-285958.6             266.406050           -28.999620             -0.31010         4.0331106186             0.734020        47.0923500061               15.530        48.2233469913     0.65158641338348
   170 174538.93-290114.3             266.412220           -29.020650              -1.9180         4.1063923836             0.533350        46.1498451233               15.050        48.2367852810     0.63420873880386
   171 174543.12-290018.7             266.429670           -29.005210                  NaN     0.90981316566467                  NaN        14.7259712219                  NaN        48.3310704685    -0.35201966762543
   172 174541.68-290109.6             266.423690           -29.019350                  NaN         1.6947427988                  NaN        17.3154506683                  NaN        48.4235957178    -0.08703126013279
   173 174541.18-290113.5             266.421610           -29.020430               1.0410         7.7804751396            0.6706620       107.2715377808               32.380        48.4641419756     0.88554096221924
   174 174539.94-285940.0             266.416440           -28.994460              -2.0160         3.6567177773            0.6349460        43.9317398071             0.099940        48.6118797481     0.59595161676407
   175 174543.19-290023.0             266.429970           -29.006410                  NaN     0.69812327623367                  NaN        11.2797489166                  NaN        48.7059390695         1.4087263346
   176 174542.37-290101.5             266.426550           -29.017110                  NaN         1.0413256884                  NaN         8.0573453903                  NaN        48.8417996867    -0.08663186430931
   177 174536.85-290042.9             266.403550           -29.011920              -1.5460         4.8542680740            1.2602020        70.3253936768              0.51070        48.8511177666     0.61920368671417
   178 174538.83-285942.4             266.411810           -28.995120              -1.9480         5.0693593025             0.615290        53.1913604736             0.099940        49.2583474656     0.54127705097198
   179 174539.45-290117.3             266.414380           -29.021480                 3.70         4.7867407799            0.9226340        58.4642601013                 33.0        49.2729133038    -0.03739132359624
   180 174541.54-285945.4             266.423110           -28.995960               1.5530         7.4277343750            1.6270580       116.3612518311                20.80        49.2777290532     0.36430343985558
   181 174537.21-290055.5             266.405050           -29.015420              -1.4170         4.3470258713            1.2501320        53.0860557556              0.36960        49.2815213548     0.44505277276039
   182 174539.17-285940.7             266.413240           -28.994660              -1.4730         4.2815742493            0.3227320        49.9086837769             0.090660        49.3336503884     0.34124070405960
   183 174537.76-290105.4             266.407350           -29.018170              0.54620         4.8106293678            0.4264180        53.8578224182               19.930        49.4204413886     0.67285120487213
   184 174537.30-290058.1             266.405430           -29.016160             -0.81260         4.5633296967            1.0608680        53.2921791077               6.6660        49.6748878674     0.50420457124710
   185 174537.25-285959.0             266.405240           -28.999750                  NaN         3.1821141243                  NaN        36.0141487122                  NaN         50.260624730     0.90645819902420
   186 174541.72-285945.8             266.423860           -28.996060             -0.44890         8.4021081924            0.9603880       137.4615173340               10.480        50.3241254731     0.62599962949753
   187 174541.01-285940.7              266.42090           -28.994650              0.53770         5.2909879684            0.2042880        70.9987335205               28.220        50.4427792874     0.72494232654572
   188 174538.62-290115.0             266.410930           -29.020840             -0.45330         5.0944480896            0.6975740        59.7451248169               32.380        50.5511186013     0.89716947078705
   189 174542.76-290057.5             266.428170           -29.015980                  NaN         2.6300020218                  NaN        21.7605609894                  NaN        50.8813726371     0.73531311750412
   190 174539.39-285938.1             266.414150           -28.993930              0.57420         8.6163520813            0.7141980       127.2165832520               27.410        51.2402164071     0.69629663228989
   191 174539.30-290118.9             266.413780           -29.021940             -0.15630         6.2827720642            0.5019180        81.9598007202               32.380        51.2818741452     0.78871572017670
   192 174536.54-290031.0             266.402260           -29.008630                  NaN         2.8411519527                  NaN        39.9381523132                  NaN        51.4280871260     0.61015295982361
   193 174537.97-285946.7             266.408220           -28.996310                  NaN         3.7222537994                  NaN        35.4397850037                  NaN        51.5251072454    -0.03013850189745
   194 174539.04-290118.3             266.412680           -29.021750                  NaN         2.9825294018                  NaN        32.9705619812                  NaN        51.5320690662     0.86344498395920
   195 174543.13-290049.8             266.429720           -29.013850                  NaN         1.9635045528                  NaN        18.8821182251                  NaN        51.9988652013         1.1188619137
   196 174538.13-290112.8              266.40890           -29.020240                  NaN     0.45382139086723                  NaN         3.5748763084                  NaN        52.0373280621    -0.88923299312592
   197 174536.59-290016.6             266.402460           -29.004620              0.69560         4.5690798759             0.897050        62.1883888245               14.450         52.062092880     0.58019459247589
   198 174543.46-290024.6             266.431090           -29.006850               3.0670         3.1141378880            0.3681160        48.9168891907                10.20        52.5689214482    -0.28840374946594
   199 174537.01-290058.3             266.404250            -29.01620              -1.1660         5.6296167374            0.8329720        66.8328552246               7.2780        53.2321287781     0.66139036417007
   200 174537.76-290110.6             266.407340           -29.019620            -0.056690         3.9997630119            0.6583580        43.0223846436               10.180        53.4380862967     0.48206269741058
   201 174536.41-290024.1             266.401730           -29.006710                  NaN         2.6726942062                  NaN        37.4722671509                  NaN        53.4706060996     0.41323432326317
   202 174536.57-290010.4             266.402410            -29.00290              0.37670         4.6645140648            1.0250340        63.2048377991               32.380        54.0010042708     0.71048611402512
   203 174536.39-290020.7             266.401630           -29.005770                1.180         3.8938159943            0.7062360        50.0203971863               6.9390        54.2178703662     0.15026853978634
   204 174540.97-285936.5             266.420750           -28.993490              -1.2980         6.5136241913            1.5046280        89.9105072021                2.560        54.2724481836     0.47591388225555
   205 174536.81-290002.0             266.403390           -29.000560             -0.90830         3.0778017044            1.2900060        32.5794944763             0.099940        54.2948759705     0.46551668643951
   206 174536.36-290035.8             266.401510           -29.009970              -0.4630         5.2578101158             1.898740        70.6261215210               32.360        54.5525865478     0.85739475488663
   207 174537.04-285955.9             266.404350           -28.998880              -1.0530         5.5819158554            0.6193540        66.0382843018               17.710        54.6978850180     0.85331982374191
   208 174543.22-290053.8             266.430120           -29.014950              0.56460         4.5764150620            0.9334620        49.9367294312               5.6560        55.0112828993     0.12214846909046
   209 174537.18-290104.6             266.404930           -29.017960                  NaN         2.9203264713                  NaN        27.4313488007                  NaN         55.128215250    -0.07877632975578
   210 174539.93-290123.8             266.416380            -29.02330             -0.57730        10.3786773682         1.7408666667       167.5818023682                11.60        55.2158406097     0.64606344699860
   211 174539.45-285933.9             266.414380           -28.992770             -0.46140         6.8776998520            1.2698440        87.7001266479               8.5670        55.2397388394     0.38907402753830
   212 174539.03-290122.1             266.412660           -29.022830              0.34170         6.9198698997             1.888220        92.4909973145               14.580        55.3047870753     0.59956085681915
   213 174543.00-285957.0             266.429190           -28.999170                  NaN         2.9450285435                  NaN        36.5483741760                  NaN        55.4905229659         1.3470844030
   214 174536.24-290030.4             266.401010           -29.008470               2.4820         2.9989175797             0.927690        40.6162261963                7.530        55.9018044347    -0.18040128052235
   215 174539.39-290124.0             266.414140           -29.023340                  NaN     0.13544821739197                  NaN         1.1491385698                  NaN        56.0218565191        -7.4449505806
   216 174539.03-285934.3             266.412630           -28.992880              0.86610         5.7218046188            0.9082560        65.5327682495               6.2780        56.0845904099     0.26974236965179
   217 174538.69-285935.8             266.411220           -28.993290              -1.4690         6.0228095055            0.8291320         68.105720520               7.3360        56.1753474029     0.71716672182083
   218 174540.04-285932.0             266.416850           -28.992250              -1.5960        11.1722536087              1.46720       191.8633270264               2.6860        56.5785291983     0.59193158149719
   219 174539.09-290123.7             266.412910           -29.023270              -1.7810         6.3666310310            1.0289420        78.7304000854               1.0430        56.6252248653     0.58656620979309
   220 174543.54-290010.6             266.431450           -29.002970              -0.6920         4.2261881828            0.7776160        72.4849319458               4.8260        56.6398479785     0.57189041376114
   221 174537.23-290107.9             266.405160           -29.018870              -0.9050         6.1495785713            0.8371620        77.0812530518               1.7380        56.7202305623     0.38536304235458
   222 174536.21-290036.2              266.40090           -29.010060              0.40580         6.0730481148            0.9166720        81.0944976807               6.0660        56.7721608243     0.18940331041813
   223 174540.12-290125.7             266.417180           -29.023810             -0.73170         8.0004310608            1.4364360       112.4867477417               14.030        57.0971699880     0.77015453577042
   224 174543.41-290002.5             266.430910            -29.00070                  NaN         1.8971517086                  NaN        26.0845336914                  NaN        57.9963875963         1.3591450453
   225 174536.85-285954.0             266.403580           -28.998360                  NaN         3.1940760612                  NaN        31.8917179108                  NaN        58.0393367696    -0.12535999715328
   226 174542.93-290106.2             266.428880           -29.018390                  NaN         2.7519385815                  NaN        26.6526451111                  NaN        58.1870516853     0.40738511085510
   227 174538.65-290123.5             266.411070           -29.023210               1.4230         8.2436466217            1.6425920       112.4612350464               32.390        58.3025094884     0.75947493314743
   228 174538.69-285933.5             266.411240           -28.992650                  NaN         2.1600325108                  NaN        17.9349861145                  NaN        58.3235631134     0.29904174804688
   229 174536.45-290053.8             266.401910           -29.014950               2.2140         7.9441928864            1.5994880       106.8782806396               25.460        58.3336171881     0.42811670899391
   230 174543.71-290044.5             266.432160           -29.012370              -1.3830         4.2066817284             1.506570        55.0613250732               3.4450        58.4618883978     0.74902170896530
   231 174543.41-290056.3             266.430880           -29.015640               -1.750         6.0742955208            1.4466180        74.7426223755              0.27160        58.5881423484     0.53265619277954
   232 174536.60-290058.5             266.402510           -29.016270                  NaN         2.6832668781                  NaN        27.6816196442                  NaN        58.6663768358     0.19453333318233
   233 174537.96-285938.0             266.408170            -28.99390               1.2650         3.9725944996            0.4172240        40.6141662598               32.370        58.8968767784     0.73597735166550
   234 174541.79-285936.1             266.424130           -28.993370             -0.15380         7.9725408554            1.1363080       114.4689102173               6.3710        59.2323797516       0.458196580410
   235 174541.01-290125.7             266.420890           -29.023830                  NaN         3.0302941799                  NaN        27.8134651184                  NaN        59.2384664339     0.61331933736801
   236 174543.35-290059.1             266.430660           -29.016420              -1.9050         4.9138159752            0.7944340        55.0063934326             0.099940        59.2829117624     0.45224818587303
   237 174543.83-290041.4             266.432630           -29.011510              -1.1710         3.8237338066             1.067030        53.9706802368               1.4980        59.3499289691     0.37290278077126
   238 174536.03-290037.2             266.400130           -29.010360                  NaN         1.6891475916                  NaN        16.6272907257                  NaN        59.6672832686    -0.00615463918075
   239 174539.04-290126.7             266.412670           -29.024090                0.190        12.6695804596         1.4170777778       230.7041778564               21.070        59.6970458888     0.69574195146561
   240 174541.62-285934.0             266.423440           -28.992780               1.3660        16.4764862061      0.7356058823530       381.2042541504                24.90        60.0533079309     0.59030359983444
   241 174536.42-290114.5             266.401770           -29.020710              0.60770         5.0402026176            1.2321260        57.3850212097               5.6570        70.2086402991     0.16396495699883
   242 174537.78-290130.8             266.407440           -29.025250               -1.540         3.5362904072            1.0516760        36.6239929199               31.180        70.3123841030     0.84042203426361
   243 174539.30-285918.9             266.413790            -28.98860                  NaN         3.4149160385                  NaN        31.6869621277                  NaN        70.4012532718     0.62157404422760
   244 174544.02-290104.6             266.433430           -29.017960                  NaN      0.2541803419590                  NaN         1.9535984993                  NaN        70.6875386233         1.3001487255
   245 174537.21-290126.1             266.405060           -29.023940              -1.7560         4.1654920578             1.079680        44.5986938477               2.1870        70.8043611640     0.65976351499557
   246 174543.78-285947.0             266.432450            -28.99640              0.62040        26.9137611389         2.3324444444       965.0440063477                 33.0        70.8340018793     0.76850885152817
   247 174544.65-290020.1             266.436080           -29.005590                  NaN         3.1065430641                  NaN        55.5364494324                  NaN        70.8965713687     0.48389369249344
   248 174535.68-285958.4              266.39870           -28.999580                  NaN         1.7784285545                  NaN        16.7559261322                  NaN        70.9285507637     0.84582513570786
   249 174536.77-290121.2             266.403230           -29.022560             -0.91090         4.0644617081             1.828240        43.3953475952                0.090        71.0908771970     0.40996608138084
   250 174535.83-290104.0             266.399320           -29.017790             -0.89260         7.8914103508            1.3227160       110.0607528687               8.1320        71.3448821981     0.60303556919098
   251 174535.28-290015.5             266.397020           -29.004320              -2.0190         6.0791811943            1.1312340        75.6182022095              0.70210        71.4499382439     0.60191172361374
   252 174536.92-290123.6             266.403860           -29.023240               1.1940         5.0219774246            0.7245440        57.0076484680               8.1360        71.4503082698     0.29979103803635
   253 174535.19-290025.6             266.396650           -29.007130              -2.7770         3.3966071606            1.0032680        35.6434173584             0.099940        71.6307994192     0.42560818791389
   254 174544.01-290106.8              266.43340           -29.018570                1.320         6.1004681587            0.4697360        72.8447265625               23.760        71.7390083778     0.49226945638657
   255 174542.21-290132.0             266.425890           -29.025560               4.1020         3.8349173069            0.5785820        32.1610374451               4.3120        71.7533382961    -0.67161673307419
   256 174542.47-285927.3             266.426990           -28.990940               -1.340         6.5520181656            0.3053460        81.9378280640               8.3240        71.9274350428     0.63501203060150
   257 174535.71-285955.5              266.39880           -28.998750                  NaN         2.5504851341                  NaN        24.6102905273                  NaN        71.9308710239     0.79771679639816
   258 174537.98-290134.5             266.408290           -29.026250               4.5770        10.3797044754         2.1470647059       181.7011108398               4.8840        72.2077774083    -0.74192613363266
   259 174544.76-290021.9             266.436510            -29.00610               1.3210         4.5205779076      0.8726266666670        79.1595993042               9.1060        72.2400051926    -0.01945799589157
   260 174544.21-290102.7             266.434240           -29.017430                  NaN         3.6079275608                  NaN        35.8941726685                  NaN        72.2935386423     0.54773247241974
   261 174543.15-285934.3             266.429820           -28.992880              -1.2340         5.5676665306            1.5496720        68.5180130005               11.630        72.3699386309     0.80660235881805
   262 174535.14-290031.9             266.396440           -29.008880             -0.46220         5.4929609299             0.417160        66.8074035645               11.030        72.3993017747     0.42721381783485
   263 174539.94-290141.1             266.416420            -29.02810            -0.081090         3.7542815208            0.6768960        37.4406738281               16.890        72.4942815830     0.71063339710236
   264 174542.96-285931.8             266.429030           -28.992170              0.61340         6.4032373428              1.29970        78.8429489136                7.310        72.5084014652     0.14045853912830
   265 174544.80-290031.0             266.436690           -29.008620                  NaN         2.1564300060                  NaN        33.8763732910                  NaN        72.6145298616     0.60046929121017
   266 174541.45-290137.8             266.422710           -29.027180             -0.64430        12.9199028015         2.4581555556       214.6403503418               29.040        72.6705713301     0.84959423542023
   267 174544.43-290000.3             266.435150            -29.00010             -0.76720         5.6949048042            1.0425160        89.0887603760               7.9450        72.7637543715     0.65272712707520
   268 174539.26-290140.6             266.413590           -29.027970                  NaN         2.5118095875                  NaN        23.3510246277                  NaN        72.7986984158         1.4669849873
   269 174543.95-285946.9             266.433140           -28.996370                  NaN        -2.8267180920                  NaN       -43.8821678162                  NaN        72.9201971132    -0.22314274311066
   270 174540.52-285916.2             266.418870           -28.987840            -0.021370        12.3621444702         1.2745111111       228.4958801270               13.520        72.9309471201     0.54803800582886
   271 174535.16-290041.3             266.396510           -29.011480                  NaN         1.9280178547                  NaN        18.0446739197                  NaN        73.1756733448     0.30181041359901
   272 174536.88-290125.4             266.403680           -29.023750              -1.4270         3.9031348228            0.4608920        40.7844352722               1.5860        73.2802853586     0.47406125068665
   273 174537.75-290134.0             266.407310           -29.026120             -0.64870         3.7715184689            0.4026920        38.2891807556               29.530        73.3097417472     0.85495269298553
   274 174542.97-290126.5             266.429080           -29.024030              -1.8920         4.9312520027            0.4404260        53.2280120850             0.099970        73.3950735229     0.53344529867172
   275 174535.79-290107.4             266.399130           -29.018740                  NaN         3.6574726105                  NaN        37.1612472534                  NaN        73.6816960163     0.29637017846107
   276 174535.23-290048.6             266.396820           -29.013510              0.53810         3.7266523838            0.3270060        38.3530883789               32.380        73.7124337182     0.70130628347397
   277 174540.71-290141.6             266.419630           -29.028240               3.8620         4.8607563972             0.379140        52.4514389038                 16.0        73.8453573885    -0.22338443994522
   278 174537.90-290135.9             266.407940           -29.026640             -0.26420         9.9635238647             2.647580       150.8996276855               10.180        74.0076674396     0.57685166597366
   279 174535.62-285953.4             266.398440           -28.998190             -0.18610          6.623424530            0.5155160        80.1013412476                9.010        74.0200296667     0.32969996333122
   280 174536.33-285938.5             266.401390           -28.994030              -2.4790         3.7946937084            0.1725720        34.0413780212                0.090        74.0715278191     0.60326796770096
   281 174544.57-290000.6             266.435750           -29.000180             -0.62880         7.0538420677            0.3674820       121.6385879517               1.9570        74.6497556421     0.26025533676147
   282 174537.20-285926.4             266.405020           -28.990690             -0.71950         6.0407962799            1.3227340        70.3373870850               4.3950        74.7237760813     0.51074606180191
   283 174534.98-290032.1             266.395780           -29.008930             -0.21340         5.1810989380            1.2239020        61.8026580811               10.990        74.7810721603     0.47931304574013
   284 174535.76-290109.4             266.399020           -29.019290               2.1080         9.3392925262            0.8198020       135.7042846680               32.390        75.0754109935     0.59439456462860
   285 174538.70-285915.8             266.411260           -28.987750             -0.67370         5.3439774513            0.4240220        58.6961021423               15.930        75.1993614750     0.82000046968460
   286 174544.98-290027.3             266.437440            -29.00760               0.4820        39.9373588562         1.3646555556      1861.2237548828               11.670        75.2873422443     0.41289564967155
   287 174537.82-285920.4             266.407620             -28.9890                  NaN         3.4805254936                  NaN        33.9326362610                  NaN        75.4269564429     0.66589015722275
   288 174535.00-290042.2             266.395850           -29.011740              0.12370         9.1310596466            1.6426660       130.0173492432               19.860        75.6795121011     0.66841489076614
   289 174538.61-290141.8             266.410880           -29.028290            -0.044230         4.8689703941            0.8931520        55.3768157959               11.570        75.9514199988     0.48436737060547
   290 174535.08-290008.5             266.396170           -29.002370                  NaN         3.2069978714                  NaN        31.9064540863                  NaN        76.0112740787     0.05261397361755
   291 174544.08-285943.9             266.433680           -28.995540                  NaN        -7.4839949608                  NaN      -101.4464797974                  NaN        76.2361885185     0.42764496803284
   292 174544.99-290017.1             266.437470           -29.004770                  NaN         2.6202309132                  NaN        41.5953292847                  NaN        76.2553465866     0.92261642217636
   293 174534.91-290019.4             266.395460           -29.005410             -0.29590         8.4717254639            0.2276440       120.5417861938                7.790        76.4067844412     0.49196225404739
   294 174541.03-285913.8             266.420960           -28.987170                  NaN         2.3912198544                  NaN        26.0237445831                  NaN        76.5348272817    -0.98241168260574
   295 174544.49-290104.2             266.435410           -29.017840              -1.1950         4.6592898369            0.2720560        47.6278457642               10.520        76.7069976979     0.60330259799957
   296 174544.00-285941.6             266.433360           -28.994890             -0.84050         7.1210069656            0.3753720       125.2171707153               3.1680        76.7190516614     0.37635880708694
   297 174534.89-290040.6              266.39540           -29.011280              -1.6490         4.3844099045             0.741970        50.2893714905             0.099970        76.9995641641     0.72214168310165
   298 174538.07-285916.7             266.408630           -28.987990              -1.3870        10.8905258179         2.3192166667       167.4960632324               12.190        77.3229994752     0.73859381675720
   299 174541.94-285917.2             266.424780           -28.988130                  NaN         2.6916100979                  NaN        25.1892814636                  NaN        77.3296750377     0.49326351284981
   300 174542.74-285923.4             266.428120           -28.989850              0.97660         5.2460975647            0.5307640        59.5880584717               20.020        77.4132995178     0.46345713734627
   301 174535.28-290101.4             266.397030           -29.017070                  NaN         2.3120019436                  NaN        21.5095596313                  NaN        77.4784443511     0.41351574659348
   302 174543.13-290129.8             266.429730           -29.024970                  NaN         3.5311369896                  NaN        33.0552597046                  NaN        77.5027452097     0.75222146511078
   303 174544.67-290100.5             266.436150           -29.016830              -1.4460         3.8761334419            0.8550720        37.3430709839                0.090        77.5102730832     0.56379103660583
   304 174534.79-290030.7               266.3950           -29.008540             -0.31390         4.3063979149            0.2740080        47.3631668091                3.020        77.5358292911     0.33139595389366
   305 174538.35-290142.4             266.409830           -29.028460              -1.2230         3.8334121704            0.3773660        42.2425231934                0.090        77.6313109296     0.48557004332542
   306 174540.86-290145.1             266.420290            -29.02920                  NaN        -1.5266685486                  NaN       -13.6391544342                  NaN        77.6422248924     0.43190556764603
   307 174536.13-290120.8             266.400560           -29.022460                  NaN     0.30302381515503                  NaN         2.8992383480                  NaN        77.6469101810         2.9520356655
   308 174540.00-285910.7             266.416680           -28.986320             -0.98910         4.2924857140             1.114550        45.0037269592               2.3890        77.9166712523     0.67730993032455
   309 174544.88-290002.3               266.4370           -29.000650              0.32440         5.6172089577            0.9104920        86.2038574219               32.380        78.2535063894     0.84034621715546
   310 174535.71-290114.6             266.398830           -29.020730              -1.8810         4.2501931190            0.2019780        47.8936920166               20.010        78.5663433377     0.82277989387512
   311 174537.19-290135.5             266.404990           -29.026550              -0.5990         5.8836250305             0.437730        73.0383529663               3.7030        78.7609057226     0.27960541844368
   312 174534.88-290008.3             266.395350           -29.002320             -0.53950        10.6524591446             2.713050       165.6120452881               11.580        78.9078488051     0.63957637548447
   313 174534.96-290003.9             266.395670           -29.001090                  NaN         3.6438093185                  NaN        36.4893913269                  NaN        79.0671573275     0.55094617605209
   314 174544.84-290059.2             266.436840           -29.016450                  NaN         2.6463406086                  NaN        25.2861175537                  NaN        79.2429649006     0.12064391374588
   315 174544.17-285940.7             266.434070           -28.994660                  NaN         2.1618082523                  NaN        35.1495208740                  NaN        79.2508262458     0.92690330743790
   316 174535.16-290102.7             266.396540           -29.017420                  NaN         3.5344891548                  NaN        33.9662704468                  NaN        79.6108845513     0.76804065704346
   317 174536.81-285924.5             266.403410           -28.990160                  NaN         2.5722663403                  NaN        23.8795509338                  NaN        79.6146498369     0.04259545728564
   318 174535.52-290112.5             266.398030           -29.020140              0.60760         4.7049527168             1.008510        51.1752090454               6.8380        79.7324281823     0.12756645679474
