 
--------------------------------------------------------------------------------
Data for Table Block EXTRACTION RESULTS
--------------------------------------------------------------------------------
 
ROW    CATALOG_NAME         RA                   DEC                  KT1                  SRC_SIGNIF[16]       CHI_SQR              KT1_ERRU             KT1_ERRL
 
     1 174539.07-290029.4             266.412810           -29.008190               5.4760         3.8694901466             0.637490                    0               1.4410
     2 174539.47-290016.3              266.41450           -29.004530               2.7780         3.0581507683            0.6031940                    0              0.48270
     3 174539.40-290040.9             266.414190           -29.011370               4.1930         7.9380626678            0.5149680                    0               1.4440
     4 174539.58-290016.8             266.414950           -29.004680                  NaN     0.30897670984268                  NaN                  NaN                  NaN
     5 174539.54-290019.9             266.414760           -29.005530                  NaN       -18.1623592377                  NaN                  NaN                  NaN
     6 174539.51-290039.4             266.414630           -29.010960               32.380         4.8602976799            1.3423880                    0               3.4640
     7 174539.71-290026.4             266.415470           -29.007360               27.970         7.8173484802            0.4104760                    0              0.18330
     8 174539.78-290029.5             266.415750           -29.008220               1.6080        38.3203697205         1.1615340909               1.9170               1.4370
     9 174539.70-290042.0             266.415440           -29.011690                  NaN         1.0095832348                  NaN                  NaN                  NaN
    10 174539.84-290014.3             266.416040           -29.003990               32.390         5.4292278290             3.425640                    0               4.7970
    11 174539.87-290034.2             266.416130           -29.009510                 33.0         6.5516619682             1.606190                    0               3.9470
    12 174539.96-290014.3             266.416540           -29.003980                  NaN        -1.3203074932                  NaN                  NaN                  NaN
    13 174540.04-290028.1             266.416870           -29.007830               5.4320        30.0987606049      0.4441426470590               9.1990               3.7920
    14 174540.04-290030.9             266.416840           -29.008590                 33.0        41.2787895203         2.7778834952                    0               27.560
    15 174540.18-290016.7             266.417450           -29.004660                4.430         6.4692268372            0.5479260                    0               2.2510
    16 174540.15-290025.9              266.41730            -29.00720               32.390         5.1527500153             0.565960                    0               3.0710
    17 174540.11-290041.3             266.417160           -29.011490               13.930         3.5486371517            0.7587380                    0              0.18550
    18 174540.21-290042.5             266.417560           -29.011810               32.390        11.1547536850          0.929366250                    0              0.18020
    19 174540.38-290033.5             266.418250           -29.009330               32.390         4.4482545853             0.994430                    0                1.940
    20 174540.33-290039.4             266.418070           -29.010950               5.1420         3.3207464218            1.5733440                    0              0.18190
    21 174540.40-290024.1             266.418370            -29.00670               32.390         6.1691775322            0.9231060                    0               2.3910
    22 174540.45-290036.3             266.418570            -29.01010               15.960         7.4507207870            1.0439740                    0               4.1770
    23 174540.55-290019.0             266.418960           -29.005280               32.350         9.4894857407            1.3851020                    0               5.0950
    24 174540.60-290026.6              266.41920           -29.007390               32.390         3.5143766403            1.5048520                    0               2.1410
    25 174540.64-290033.3             266.419370           -29.009260               6.2640         2.9496827126         1.3576333333                    0                1.270
    26 174540.79-290024.5             266.419990           -29.006820               32.390         5.9050831795             0.291020                    0               2.7490
    27 174540.73-290027.9             266.419730           -29.007750               27.320         4.4434289932            0.7891460                    0               2.3970
    28 174540.95-290031.2             266.420630           -29.008670               32.380         8.4406652451            1.8400420                    0               9.9630
    29 174538.69-290037.5             266.411250           -29.010420                  NaN         2.7409906387                  NaN                  NaN                  NaN
    30 174538.88-290027.1             266.412020           -29.007530               3.2760        10.1929340363         2.0881666667                    0               2.1710
    31 174538.87-290041.8             266.411980           -29.011620               5.4930        17.2049045563      0.7715315789470                    0               3.3860
    32 174538.91-290009.5             266.412160           -29.002640               32.390         3.5599603653            1.5464880                    0               0.1830
    33 174538.98-290023.1             266.412430           -29.006430                  NaN         2.6740944386                  NaN                  NaN                  NaN
    34 174538.95-290043.9             266.412320           -29.012210               31.950         5.8579726219            0.9651760                    0              0.19860
    35 174539.17-290042.8             266.413240           -29.011910               4.4750         4.1741223335              1.75770                    0              0.88340
    36 174539.28-290049.1             266.413690           -29.013660               32.390         6.9340367317            1.6075960                    0               3.6770
    37 174539.32-290051.1             266.413860           -29.014220               32.390         7.0722837448             4.556860                    0                    0
    38 174539.48-290045.8             266.414510           -29.012740               32.390        10.5076274872         1.2436257143                    0               4.4660
    39 174539.66-290053.1             266.415290           -29.014760                  NaN         3.2680327892                  NaN                  NaN                  NaN
    40 174539.96-290047.3             266.416520           -29.013150               8.2430         5.2643427849             1.174230                    0              0.18040
    41 174540.07-290005.7               266.4170           -29.001610                8.720        30.7261562347         1.0624315790               29.610               5.6340
    42 174540.01-290012.5             266.416710           -29.003480               7.7740         7.3896207809             1.111530                    0                 2.80
    43 174540.04-290046.3             266.416860           -29.012880               32.350         7.9276833534            0.7179540                    0               9.5130
    44 174540.10-290052.8             266.417110           -29.014690                  NaN        -7.6187705994                  NaN                  NaN                  NaN
    45 174540.34-290009.5              266.41810           -29.002640                 33.0         5.9898037910             0.725880                    0               3.5590
    46 174540.37-290049.9             266.418210           -29.013870               6.8070         7.1909408569            1.6649880                    0               1.3080
    47 174540.63-290013.4             266.419330           -29.003730               32.390         5.9438076019            0.9825720                    0               2.4130
    48 174540.82-290039.8             266.420110           -29.011060               6.1790          4.571785450            1.8025020                    0              0.18220
    49 174540.98-290014.3             266.420770           -29.003980               17.180        56.4367446899         1.1179806452               29.790               12.090
    50 174541.02-290017.6             266.420940           -29.004910               6.5960        14.2966833115         2.5318857143                    0               3.8110
    51 174541.03-290026.8               266.4210           -29.007470               32.030         4.2461862564         1.1337316667                    0               1.8790
    52 174541.05-290034.2             266.421080           -29.009520               11.760         4.3794817924            0.5321060                    0              0.91430
    53 174541.10-290029.0             266.421270           -29.008070               32.390         9.0582923889            1.7743780                    0               3.2110
    54 174541.34-290021.5             266.422280           -29.005990                  NaN         -1.732748270                  NaN                  NaN                  NaN
    55 174541.34-290033.9             266.422270           -29.009430                  NaN         2.2349665165                  NaN                  NaN                  NaN
    56 174541.45-290024.7             266.422730           -29.006880                  NaN     0.58722519874573                  NaN                  NaN                  NaN
    57 174541.49-290027.1             266.422910           -29.007550               32.390        14.8367586136         1.1296133333                    0               4.6390
    58 174538.07-290022.4             266.408630           -29.006230                 33.0        83.4016876221         1.0992393162                    0               25.940
    59 174538.42-290044.0              266.41010           -29.012240               3.3170        12.4997673035      0.4082755555560                5.840               2.3850
    60 174538.80-290008.1             266.411670           -29.002260                  NaN         1.7183082104                  NaN                  NaN                  NaN
    61 174538.97-290006.8             266.412380            -29.00190               32.390         3.9695193768             1.073160                    0               2.0020
    62 174539.07-290055.1              266.41280           -29.015310               8.6770         5.5941872597            0.6460280                    0               1.8610
    63 174539.11-290053.2             266.412970           -29.014790                  NaN         2.9187517166                  NaN                  NaN                  NaN
    64 174539.25-290004.0             266.413570           -29.001130                  NaN    -0.48049822449684                  NaN                  NaN                  NaN
    65 174539.30-290000.5             266.413790           -29.000150               32.390         3.5038142204            0.7302960                    0               1.2740
    66 174539.41-290002.0             266.414240           -29.000570               32.390         3.6928832531             2.009940                    0                22.40
    67 174539.55-290054.2             266.414810           -29.015080                  NaN     0.66600912809372                  NaN                  NaN                  NaN
    68 174539.84-290054.8             266.416010           -29.015230               4.7530         3.6083571911            0.4978240                    0               0.9580
    69 174540.16-290055.6             266.417370           -29.015450               13.720        22.0046386719      0.5966088235290                    0               6.3670
    70 174540.61-290001.8             266.419230           -29.000510               17.060        12.2823143005      0.9463844444440                    0               3.3890
    71 174540.83-290002.8             266.420130           -29.000790               32.390         4.5388374329            0.9203980                    0               2.9460
    72 174541.01-290052.2              266.42090           -29.014510               32.390         5.2570090294            0.3485140                    0               2.2160
    73 174541.32-290009.6              266.42220           -29.002670                 33.0         5.4533457756            1.5687540                    0               2.2920
    74 174541.39-290014.8             266.422470           -29.004120               32.390         3.4678771496            0.7747660                    0              0.92050
    75 174541.38-290043.0             266.422420           -29.011970                  NaN        -2.2073223591                  NaN                  NaN                  NaN
    76 174541.47-290016.3              266.42280           -29.004540               32.390         3.3572435379             0.343660                    0              0.37760
    77 174541.50-290018.5             266.422920           -29.005160               32.310         1.9720947742            1.5010240                    0              0.19120
    78 174541.56-290020.5             266.423180           -29.005710                9.010         9.5828351974         1.0007283333                    0               1.9130
    79 174541.54-290043.5             266.423090           -29.012090               6.7420         5.9843411446            1.4561820                    0               2.2920
    80 174541.54-290045.9             266.423120           -29.012770               32.390         3.8960282803             0.911390                    0                2.930
    81 174541.70-290028.3             266.423760           -29.007880               32.380         8.3918695450            1.4831820                    0                7.050
    82 174541.84-290037.6             266.424360           -29.010470               32.390        17.8479442596         2.5554909091                    0               16.370
    83 174541.92-290032.7              266.42470           -29.009110               32.390         9.2478265762            0.8015060                    0               2.7240
    84 174537.34-290027.9             266.405590           -29.007760               32.390         5.7487115860            0.7605340                    0               2.4580
    85 174537.55-290029.4              266.40650           -29.008190               32.390         5.4000353813            1.1450260                    0               4.6050
    86 174537.66-290035.0             266.406920           -29.009730               5.2980        11.4049730301      0.7814928571430                    0                3.040
    87 174537.72-290037.3             266.407180           -29.010380                  NaN         1.9155919552                  NaN                  NaN                  NaN
    88 174537.88-290028.9             266.407860           -29.008030                 33.0         4.4564514160             1.287670                    0               3.3380
    89 174537.91-290006.3             266.407970           -29.001750                  NaN         3.1236665249                  NaN                  NaN                  NaN
    90 174537.97-290025.0             266.408210           -29.006950                  NaN       -55.5419654846                  NaN                  NaN                  NaN
    91 174537.99-290037.8             266.408330           -29.010520               32.390         5.9748969078            0.8169540                    0               2.5330
    92 174537.98-290052.9             266.408250           -29.014720               3.6290         6.3889040947              3.27090                    0               2.0110
    93 174538.09-290051.3             266.408710           -29.014270               5.7270         5.4684376717            1.0909160                    0               2.5270
    94 174538.18-290047.3             266.409110           -29.013140               32.390        16.3526687622      0.7060941176470                    0               11.740
    95 174538.18-290055.8             266.409090           -29.015520               32.350        10.8667697906            1.1447950                    0               3.0510
    96 174538.22-290058.7             266.409260           -29.016310                  NaN         3.6150133610                  NaN                  NaN                  NaN
    97 174538.31-290048.8             266.409630           -29.013560               13.660        31.4366817474         1.0250568965                    0               10.020
    98 174538.58-290003.4             266.410780           -29.000970                  NaN         2.8341443539                  NaN                  NaN                  NaN
    99 174538.85-285952.9              266.41190           -28.998050               32.390         5.6078271866             0.768650                    0               5.3080
   100 174538.85-290056.4             266.411890           -29.015670               32.390        13.5345554352         1.6918545455                    0               11.810
   101 174538.83-290103.5             266.411820           -29.017660                  NaN         2.3302426338                  NaN                  NaN                  NaN
   102 174539.05-290000.0             266.412710           -29.000010                  NaN     0.72743988037109                  NaN                  NaN                  NaN
   103 174539.12-285956.6               266.4130           -28.999070                  NaN         2.8178017139                  NaN                  NaN                  NaN
   104 174539.11-290106.3             266.412960           -29.018440               32.390         5.2815079689             1.361430                    0               4.1360
   105 174539.60-290059.8             266.415030           -29.016620                 33.0         9.6432256699             2.028340                    0               3.9010
   106 174540.37-290058.1             266.418240           -29.016140                  NaN    -0.48249134421349                  NaN                  NaN                  NaN
   107 174541.10-290104.1             266.421270           -29.017810               32.390         5.1685776711             0.975710                    0               3.5480
   108 174541.37-290000.6             266.422390           -29.000180               32.390         4.7221012115            0.8088620                    0               2.1660
   109 174541.39-290002.8             266.422460           -29.000790               10.030         5.3309454918             0.663580                    0               4.2580
   110 174541.44-290006.2              266.42270           -29.001740                  NaN         1.9174693823                  NaN                  NaN                  NaN
   111 174541.65-290012.2             266.423560           -29.003410               32.390         5.0794181824              1.00150                    0               1.5330
   112 174541.66-290055.0             266.423590            -29.01530               32.390         4.5920038223             0.564710                    0               2.9290
   113 174541.84-290011.1             266.424340           -29.003090                2.340         4.6662101746      0.2839483333330                    0              0.66750
   114 174541.86-290042.2             266.424430           -29.011740               32.380         7.4930496216             2.404140                    0              0.18990
   115 174542.07-290037.1              266.42530           -29.010330                  NaN         1.1222141981                  NaN                  NaN                  NaN
   116 174542.22-290023.9             266.425930           -29.006650               1.3660         4.2656226158            0.9319820               3.5990              0.37350
   117 174542.32-290010.2             266.426370           -29.002860               32.390         3.7709326744            1.3680840                    0               2.4230
   118 174542.37-290034.1             266.426560           -29.009490               32.390         3.8873178959            1.4447120                    0               1.0610
   119 174542.52-290033.0             266.427180           -29.009190                  NaN         1.3728411198                  NaN                  NaN                  NaN
   120 174537.15-290017.8             266.404810           -29.004970               32.390         4.6838083267            0.4040860                    0               2.6480
   121 174537.37-290010.0             266.405710           -29.002780                4.540         5.2822380066           0.19157520                    0               1.4480
   122 174537.29-290026.2             266.405410           -29.007280               32.390         4.0571513176            0.5824680                    0               2.1950
   123 174537.50-290011.9             266.406250           -29.003310               32.390         3.3120806217            1.5747680                    0                0.180
   124 174537.71-290001.9             266.407140           -29.000540               8.6170        16.4654178619         1.9268411765                    0               4.8970
   125 174537.74-290056.4             266.407260           -29.015670                 33.0         5.2025384903              2.06790                    0               3.0320
   126 174538.36-285955.0             266.409840           -28.998620                  NaN     -0.1577048599720                  NaN                  NaN                  NaN
   127 174538.45-290103.7             266.410240            -29.01770               32.390         4.6252651215             1.961970                    0               5.7810
   128 174538.69-285948.6             266.411230           -28.996850               1.7750         4.1390290260            0.4645380                    0               1.0410
   129 174538.61-285951.7             266.410880           -28.997710                  NaN         2.2449808121                  NaN                  NaN                  NaN
   130 174539.16-285949.9              266.41320           -28.997210               32.390         5.7881770134            0.2561560                    0               1.6060
   131 174539.26-290107.4             266.413610           -29.018730               21.670         6.5405826569             0.724330                    0              0.18030
   132 174539.81-285944.3              266.41590           -28.995640               27.230         3.9465856552             0.861670                    0               4.8830
   133 174541.22-290105.5             266.421760           -29.018220               32.390         3.5906534195            0.6435520                    0               2.7750
   134 174541.47-290105.0             266.422810           -29.018070                  NaN         2.5486133099                  NaN                  NaN                  NaN
   135 174541.61-285952.7             266.423390           -28.997990               32.390        20.2843418121         2.6803384615                    0               4.2450
   136 174541.70-290104.0             266.423780           -29.017790                  NaN    -0.77900969982147                  NaN                  NaN                  NaN
   137 174541.92-285955.1              266.42470           -28.998660                 33.0         7.9785614014             2.667940                    0               4.4520
   138 174542.06-290002.8             266.425270           -29.000790               32.390         4.0024204254            1.2967680                    0                 1.10
   139 174542.17-290053.3             266.425710           -29.014810                  NaN         3.8060700893                  NaN                  NaN                  NaN
   140 174542.21-290003.8             266.425910           -29.001070                  NaN        -1.5712682009                  NaN                  NaN                  NaN
   141 174542.41-290005.9             266.426730           -29.001660               32.390         3.8420135975            1.5325560                    0               2.7790
   142 174542.54-290041.6             266.427290           -29.011570               32.390         4.0986385345             0.386910                    0              0.80680
   143 174542.53-290049.4             266.427210           -29.013730               32.390         6.4878649712            1.6274040                    0               5.2110
   144 174542.70-290012.2             266.427940            -29.00340               32.390         3.8599007130            1.6385480                    0              0.18130
   145 174542.74-290039.9             266.428120            -29.01110               32.380         3.5527398586         1.6356683333                    0                0.180
   146 174542.82-290032.0             266.428420           -29.008910               32.390         3.3294255733           0.15403160                    0               1.5130
   147 174536.85-290042.9             266.403550           -29.011920                 33.0         4.8542680740            1.7621380                    0               2.0980
   148 174536.91-290039.3              266.40380           -29.010930               27.560        12.0290126801            0.3617580                    0               4.6980
   149 174537.07-290011.4             266.404470           -29.003170                  NaN         1.5343912840                  NaN                  NaN                  NaN
   150 174537.19-290049.8               266.4050           -29.013860                  NaN         3.6212286949                  NaN                  NaN                  NaN
   151 174537.15-290051.3             266.404810           -29.014250               32.390         3.5147855282            1.0432420                    0               2.4290
   152 174537.21-290055.5             266.405050           -29.015420               32.390         4.3470258713            1.9935980                    0              0.54080
   153 174537.30-290058.1             266.405430           -29.016160                 33.0         4.5633296967            1.3497540                    0               2.0440
   154 174537.45-285958.6             266.406050           -28.999620               29.130         4.0331106186             0.772810                    0               7.1380
   155 174537.47-290055.6             266.406140           -29.015470                  NaN         2.3638119698                  NaN                  NaN                  NaN
   156 174537.57-290058.6             266.406570           -29.016280               8.7360         6.9981598854            0.7287160                    0               2.8190
   157 174537.68-290101.9             266.407040           -29.017210                  NaN         2.7776687145                  NaN                  NaN                  NaN
   158 174537.76-290105.4             266.407350           -29.018170               32.390         4.8106293678            0.4634840                    0                2.710
   159 174537.97-290102.4             266.408220           -29.017350                  NaN         1.6924589872                  NaN                  NaN                  NaN
   160 174538.21-290105.9             266.409230           -29.018320               32.390         7.7161736488            1.4951280                    0               4.8260
   161 174538.44-285947.3             266.410180           -28.996480                  NaN     0.45494437217712                  NaN                  NaN                  NaN
   162 174538.83-285942.4             266.411810           -28.995120               32.390         5.0693593025            1.7195420                    0               2.8390
   163 174538.97-290111.3             266.412380           -29.019820                  NaN         2.7101781368                  NaN                  NaN                  NaN
   164 174538.93-290114.3             266.412220           -29.020650               32.390         4.1063923836            1.1407760                    0               3.6150
   165 174539.03-285945.1             266.412640           -28.995870                  NaN         2.5679998398                  NaN                  NaN                  NaN
   166 174539.17-285940.7             266.413240           -28.994660                 33.0         4.2815742493            0.8628060                    0               1.7430
   167 174539.15-290112.7             266.413140           -29.020220               2.7580         8.4382648468            1.4928560               6.3840               1.7970
   168 174539.36-285942.7             266.414030           -28.995220                  NaN         2.2045741081                  NaN                  NaN                  NaN
   169 174539.32-290112.8             266.413870           -29.020240                  NaN         1.9225207567                  NaN                  NaN                  NaN
   170 174539.45-290117.3             266.414380           -29.021480                1.540         4.7867407799            0.8675180                    0              0.92250
   171 174539.94-285940.0             266.416440           -28.994460               32.390         3.6567177773            0.9554720                    0               10.790
   172 174539.92-285942.2             266.416370           -28.995070                  NaN         2.9894163609                  NaN                  NaN                  NaN
   173 174540.33-285943.7             266.418050           -28.995480                 25.0         4.3233275414            1.0916620                    0               2.0710
   174 174541.15-285945.9              266.42150           -28.996090                  NaN         1.3824716806                  NaN                  NaN                  NaN
   175 174541.18-290113.5             266.421610           -29.020430               32.390         7.7804751396             0.706230                    0               11.020
   176 174541.35-285945.8              266.42230           -28.996070               32.390         3.3617172241            0.6139440                    0              0.98830
   177 174541.54-285945.4             266.423110           -28.995960               27.990         7.4277343750            1.6452840                    0               2.5650
   178 174541.68-290109.6             266.423690           -29.019350                  NaN         1.6947427988                  NaN                  NaN                  NaN
   179 174542.26-285959.6             266.426120            -28.99990               27.960        11.4405841827           0.98725250                    0               2.2630
   180 174542.37-290101.5             266.426550           -29.017110                  NaN         1.0413256884                  NaN                  NaN                  NaN
   181 174542.81-290013.8             266.428390           -29.003850                  NaN    -0.32736277580261                  NaN                  NaN                  NaN
   182 174543.04-290023.5             266.429370           -29.006550                  NaN         2.9851291180                  NaN                  NaN                  NaN
   183 174543.12-290018.7             266.429670           -29.005210                  NaN     0.90981316566467                  NaN                  NaN                  NaN
   184 174543.19-290023.0             266.429970           -29.006410                  NaN     0.69812327623367                  NaN                  NaN                  NaN
   185 174536.36-290035.8             266.401510           -29.009970               32.390         5.2578101158             2.508420                    0               3.6940
   186 174536.39-290020.7             266.401630           -29.005770               32.390         3.8938159943            0.6993780                    0              0.93330
   187 174536.41-290024.1             266.401730           -29.006710                  NaN         2.6726942062                  NaN                  NaN                  NaN
   188 174536.54-290031.0             266.402260           -29.008630                  NaN         2.8411519527                  NaN                  NaN                  NaN
   189 174536.57-290010.4             266.402410            -29.00290               32.390         4.6645140648            1.2358240                    0               3.8970
   190 174536.59-290016.6             266.402460           -29.004620               6.0010         4.5690798759             0.864030                    0               1.4410
   191 174536.81-290002.0             266.403390           -29.000560               32.380         3.0778017044            1.6760860                    0              0.79170
   192 174537.01-290058.3             266.404250            -29.01620               9.5230         5.6296167374            1.1694520                    0               2.6740
   193 174537.04-285955.9             266.404350           -28.998880               32.390         5.5819158554            1.3502840                    0               4.4450
   194 174537.25-285959.0             266.405240           -28.999750                  NaN         3.1821141243                  NaN                  NaN                  NaN
   195 174537.76-290110.6             266.407340           -29.019620               3.9480         3.9997630119              0.57740                    0              0.18160
   196 174537.97-285946.7             266.408220           -28.996310                  NaN         3.7222537994                  NaN                  NaN                  NaN
   197 174538.13-290112.8              266.40890           -29.020240                  NaN     0.45382139086723                  NaN                  NaN                  NaN
   198 174538.62-290115.0             266.410930           -29.020840               32.390         5.0944480896            1.5830840                    0               5.3720
   199 174539.04-290118.3             266.412680           -29.021750                  NaN         2.9825294018                  NaN                  NaN                  NaN
   200 174539.30-290118.9             266.413780           -29.021940               32.390         6.2827720642            1.2843620                    0               6.8950
   201 174539.39-285938.1             266.414150           -28.993930               32.390         8.6163520813            0.8369260                    0               5.8510
   202 174540.97-285936.5             266.420750           -28.993490               8.6390         6.5136241913             2.275880                    0               2.4290
   203 174541.01-285940.7              266.42090           -28.994650               32.390         5.2909879684             0.269460                    0              0.18040
   204 174541.72-285945.8             266.423860           -28.996060                 33.0         8.4021081924            1.4134780                    0                17.30
   205 174542.76-290057.5             266.428170           -29.015980                  NaN         2.6300020218                  NaN                  NaN                  NaN
   206 174543.13-290049.8             266.429720           -29.013850                  NaN         1.9635045528                  NaN                  NaN                  NaN
   207 174543.46-290024.6             266.431090           -29.006850               3.2050         3.1141378880            0.3486080                    0               0.4490
   208 174536.03-290037.2             266.400130           -29.010360                  NaN         1.6891475916                  NaN                  NaN                  NaN
   209 174536.24-290030.4             266.401010           -29.008470               3.2110         2.9989175797            0.9120760                    0               0.5410
   210 174536.21-290036.2              266.40090           -29.010060               32.390         6.0730481148            1.0787940                    0                2.450
   211 174536.45-290053.8             266.401910           -29.014950               14.530         7.9441928864            1.6906880                    0               2.1060
   212 174536.60-290058.5             266.402510           -29.016270                  NaN         2.6832668781                  NaN                  NaN                  NaN
   213 174536.85-285954.0             266.403580           -28.998360                  NaN         3.1940760612                  NaN                  NaN                  NaN
   214 174537.18-290104.6             266.404930           -29.017960                  NaN         2.9203264713                  NaN                  NaN                  NaN
   215 174537.23-290107.9             266.405160           -29.018870               32.390         6.1495785713            1.8421820                    0              0.18030
   216 174537.96-285938.0             266.408170            -28.99390               32.390         3.9725944996            0.4201220                    0               2.6280
   217 174538.69-285933.5             266.411240           -28.992650                  NaN         2.1600325108                  NaN                  NaN                  NaN
   218 174538.69-285935.8             266.411220           -28.993290               32.390         6.0228095055              1.54330                    0               3.4290
   219 174538.65-290123.5             266.411070           -29.023210               27.120         8.2436466217            1.6083620                    0               4.9530
   220 174539.03-285934.3             266.412630           -28.992880               22.030         5.7218046188            0.9315780                    0              0.73970
   221 174539.03-290122.1             266.412660           -29.022830               32.390         6.9198698997             2.033820                    0               2.5390
   222 174539.09-290123.7             266.412910           -29.023270               32.390         6.3666310310            1.9875380                    0               5.1050
   223 174539.04-290126.7             266.412670           -29.024090               32.390        12.6695804596         1.5532888889                    0               5.4750
   224 174539.39-290124.0             266.414140           -29.023340                  NaN     0.13544821739197                  NaN                  NaN                  NaN
   225 174539.45-285933.9             266.414380           -28.992770               4.6090         6.8776998520            1.4717360                    0               2.2220
   226 174539.93-290123.8             266.416380            -29.02330               7.8230        10.3786773682         2.0621666667                    0               3.7140
   227 174540.04-285932.0             266.416850           -28.992250               32.240        11.1722536087         3.2138571429                    0               7.3310
   228 174540.12-290125.7             266.417180           -29.023810               10.830         8.0004310608             1.849180                    0               4.0520
   229 174541.01-290125.7             266.420890           -29.023830                  NaN         3.0302941799                  NaN                  NaN                  NaN
   230 174541.62-285934.0             266.423440           -28.992780               32.390        16.4764862061      0.7423117647060                    0               6.5450
   231 174541.79-285936.1             266.424130           -28.993370               32.390         7.9725408554            1.4987240                    0               1.9950
   232 174542.93-290106.2             266.428880           -29.018390                  NaN         2.7519385815                  NaN                  NaN                  NaN
   233 174543.00-285957.0             266.429190           -28.999170                  NaN         2.9450285435                  NaN                  NaN                  NaN
   234 174543.22-290053.8             266.430120           -29.014950               32.390         4.5764150620             0.980740                    0                1.420
   235 174543.35-290059.1             266.430660           -29.016420               32.390         4.9138159752            1.6099560                    0               1.5050
   236 174543.41-290002.5             266.430910            -29.00070                  NaN         1.8971517086                  NaN                  NaN                  NaN
   237 174543.41-290056.3             266.430880           -29.015640               32.390         6.0742955208             2.468240                    0               6.0050
   238 174543.54-290010.6             266.431450           -29.002970               32.390         4.2261881828            0.8841940                    0                1.490
   239 174543.71-290044.5             266.432160           -29.012370               6.4350         4.2066817284            1.6783360                    0               1.8010
   240 174543.83-290041.4             266.432630           -29.011510               5.3270         3.8237338066             1.189810                    0               1.2430
   241 174535.63-290011.9             266.398480           -29.003320               32.390         6.1721367836            1.8527880                    0               14.330
   242 174535.62-290020.4             266.398450           -29.005680               32.390         5.5824675560            1.6408940                    0                7.270
   243 174535.67-290034.8             266.398660           -29.009680               32.390        26.3101024628         1.0480048780                    0               8.8050
   244 174535.88-285955.5             266.399510           -28.998750                  NaN         3.0846478939                  NaN                  NaN                  NaN
   245 174535.85-290018.1             266.399410           -29.005030                 33.0         8.1606283188            0.9522080                    0               9.9130
   246 174535.84-290030.1             266.399340           -29.008370                  NaN         2.2687642574                  NaN                  NaN                  NaN
   247 174535.82-290047.3             266.399260           -29.013140               32.390         6.6320767403            0.6885720                    0               4.9680
   248 174535.91-290048.8             266.399650           -29.013580               26.450          4.145845890            1.7721180                    0                2.890
   249 174536.00-290047.1             266.400030           -29.013090               32.390         4.3529663086            0.5908380                    0               1.7020
   250 174536.08-290051.3             266.400350           -29.014270               32.360         5.8539118767            1.8086880                    0                2.760
   251 174536.17-290107.9             266.400740           -29.018880               32.390         4.2251410484            1.8369960                    0               2.6050
   252 174536.33-285955.1             266.401410           -28.998650               29.880         5.8608303070            0.7571820                    0               3.3570
   253 174536.36-290111.3             266.401520           -29.019810              0.58370     0.83650320768356            1.4054560               3.0570                    0
   254 174536.39-290100.1             266.401630            -29.01670                  NaN         2.8697772026                  NaN                  NaN                  NaN
   255 174536.51-285954.3             266.402150           -28.998430               32.390         4.3276796341            1.5429780                    0                0.180
   256 174536.64-290109.2             266.402670           -29.019250               32.390         6.5701985359            1.8482040                    0               3.8690
   257 174536.77-290107.8             266.403220           -29.018840               32.390         3.8021891117            1.5063980                    0               2.1620
   258 174536.81-285940.3              266.40340           -28.994550               32.390         5.1186199188            1.4551820                    0               5.1830
   259 174536.90-285946.4             266.403760           -28.996250               32.060         3.1976311207             0.965240                    0               1.9910
   260 174536.85-290114.4             266.403570           -29.020670               32.390         3.9622395039            1.7557880                    0                  1.0
   261 174536.85-290117.8             266.403570           -29.021620                  NaN         2.4308152199                  NaN                  NaN                  NaN
   262 174537.00-290110.6             266.404180           -29.019630               32.390        10.0720005035             2.064280                    0               1.8390
   263 174537.11-290116.0             266.404640           -29.021130                  NaN         2.9408276081                  NaN                  NaN                  NaN
   264 174537.16-290118.3             266.404840           -29.021750                  NaN         2.7646322250                  NaN                  NaN                  NaN
   265 174537.32-285942.7             266.405540           -28.995220               8.3210         5.5261964798            0.9237320                    0               2.2470
   266 174537.59-285930.6             266.406640           -28.991840               9.9430         8.9925737381            0.7216940                    0               4.0090
   267 174537.55-290125.6              266.40650           -29.023790                4.660         9.3489894867           0.10936640               15.140               2.3360
   268 174537.64-285934.4             266.406840            -28.99290                  NaN         3.5288083553                  NaN                  NaN                  NaN
   269 174537.82-285926.9             266.407590           -28.990820                  NaN         2.9542846680                  NaN                  NaN                  NaN
   270 174537.80-290127.4             266.407530           -29.024280               32.390         5.5017490387            0.8792160                    0               1.1040
   271 174538.13-285927.1             266.408880           -28.990870               12.920         3.7278017998            1.5071040                    0              0.65040
   272 174538.29-285924.8             266.409570           -28.990240                  NaN         3.5524859428                  NaN                  NaN                  NaN
   273 174538.77-285928.3             266.411570           -28.991210               32.390         4.5852046013            1.1520780                    0               3.3980
   274 174538.76-290133.9             266.411540           -29.026110                 33.0        12.3475265503          1.083911250                    0               5.4630
   275 174538.92-290128.2             266.412180           -29.024510               32.390         4.9129462242            1.7811620                    0               2.9110
   276 174538.99-290133.8             266.412460           -29.026060               32.390         9.0291595459             3.392680                    0               3.6080
   277 174539.08-285929.4             266.412870           -28.991520               5.3210         5.5520114899             0.206170                    0                1.510
   278 174539.51-290129.8             266.414650           -29.024970                 33.0         4.8803281784            1.8209920                    0              0.18040
   279 174539.54-290133.8             266.414760           -29.026070                  NaN     0.17205058038235                  NaN                  NaN                  NaN
   280 174539.75-285922.1             266.415650           -28.989490               32.390         4.8903260231            0.9136060                    0               4.1330
   281 174539.81-285924.5             266.415890           -28.990140               32.390         4.0990147591            1.0283260                    0               1.4150
   282 174539.83-285928.0             266.415990           -28.991120                  NaN         3.5621714592                  NaN                  NaN                  NaN
   283 174540.00-290136.5              266.41670           -29.026810               32.390         3.5123548508            0.3740720                    0               2.7740
   284 174540.10-285918.9             266.417120           -28.988590               9.4420         7.4543113708            1.1226480                    0               3.6070
   285 174540.23-285922.6             266.417660           -28.989630               32.390        10.1410799026            0.7092020                    0               11.760
   286 174540.81-285923.6             266.420070           -28.989890               32.390         5.7345132828            0.5202820                    0               5.1320
   287 174540.84-290127.3             266.420170           -29.024260               32.390         4.1353650093            0.8332950                    0                 2.60
   288 174540.97-285920.6             266.420750           -28.989070               32.390         4.6129164696            0.8402840                    0               1.6890
   289 174541.02-285929.3             266.420930           -28.991480               4.5470         4.6576900482            0.8425120                    0               1.6540
   290 174541.24-285930.1             266.421860           -28.991720               32.380         6.6486792564            1.0697180                    0               4.3030
   291 174541.35-290134.5             266.422310           -29.026250                  NaN     0.44285207986832                  NaN                  NaN                  NaN
   292 174541.43-285931.4             266.422660           -28.992080               32.390         3.8749368191      0.7803066666670                    0              0.18010
   293 174541.62-285934.0             266.423440           -28.992780               32.390        16.3989353180         1.0575058824                    0               3.7410
   294 174541.94-290120.8             266.424780           -29.022460               32.390         7.3796806335            1.7028060                    0               9.7670
   295 174542.05-285928.7             266.425240           -28.991330                 33.0         5.6406350136            1.1239520                    0              0.18050
   296 174542.25-285932.3             266.426050           -28.992330               4.0510         4.8161182404            0.2475250                    0               1.9280
   297 174542.53-285933.4             266.427220           -28.992630                 33.0         4.4415545464             0.885780                    0               2.2950
   298 174542.70-285943.2             266.427920           -28.995350               17.220         4.7299590111            0.5036080                    0               1.3850
   299 174543.13-285943.9             266.429740           -28.995530               32.390         5.3507323265             1.013550                    0               5.7720
   300 174543.32-285950.6             266.430530           -28.997390               1.1470         1.4948865175            1.0368020                    0              0.85240
   301 174543.56-290101.5             266.431510           -29.017110                  NaN         2.7516596317                  NaN                  NaN                  NaN
   302 174543.52-290108.9             266.431340           -29.019160                  NaN         3.9076015949                  NaN                  NaN                  NaN
   303 174543.86-290006.3             266.432760           -29.001770               32.390         3.6922802925            0.7719760                    0              0.86220
   304 174543.95-290007.8             266.433140           -29.002180               32.390         3.3652703762            1.8866680                    0               1.2680
   305 174543.98-290020.1             266.433260            -29.00560               32.390         4.8198175430             1.877840                    0               2.2770
   306 174544.09-285956.5             266.433750           -28.999040                  NaN         2.6267418861                  NaN                  NaN                  NaN
   307 174544.09-290012.8             266.433720           -29.003560                  NaN         2.3290243149                  NaN                  NaN                  NaN
   308 174544.11-290038.5              266.43380            -29.01070               32.390         4.2488059998            1.5368920                    0               2.7320
   309 174544.20-290006.9             266.434180           -29.001940               32.390         3.4570932388         1.1932366667                    0              0.88120
   310 174544.28-290018.2             266.434530           -29.005080               20.750         5.0091710091            0.4147640                    0                 1.60
   311 174544.59-290037.3             266.435810           -29.010370                  NaN         2.4573457241                  NaN                  NaN                  NaN
   312 174534.88-290008.3             266.395350           -29.002320               6.7930        10.6524591446         3.0369166667                    0               3.6310
   313 174534.79-290030.7               266.3950           -29.008540               32.390         4.3063979149            0.5073160                    0               1.2050
   314 174534.89-290040.6              266.39540           -29.011280               32.390         4.3844099045            1.2136480                    0               3.8290
   315 174534.96-290003.9             266.395670           -29.001090                  NaN         3.6438093185                  NaN                  NaN                  NaN
   316 174534.91-290019.4             266.395460           -29.005410               32.380         8.4717254639             0.606910                    0              0.18310
   317 174534.98-290032.1             266.395780           -29.008930                 33.0         5.1810989380            1.4080220                    0               2.3410
   318 174535.08-290008.5             266.396170           -29.002370                  NaN         3.2069978714                  NaN                  NaN                  NaN
   319 174535.00-290042.2             266.395850           -29.011740               7.2780         9.1310596466            1.5096860                    0               3.7510
   320 174535.14-290031.9             266.396440           -29.008880               32.390         5.4929609299            0.6222180                    0               3.3730
   321 174535.16-290041.3             266.396510           -29.011480                  NaN         1.9280178547                  NaN                  NaN                  NaN
   322 174535.16-290102.7             266.396540           -29.017420                  NaN         3.5344891548                  NaN                  NaN                  NaN
   323 174535.28-290015.5             266.397020           -29.004320               32.390         6.0791811943             2.088980                    0               2.6650
   324 174535.19-290025.6             266.396650           -29.007130               32.390         3.3966071606            1.8003040                    0               1.8120
   325 174535.23-290048.6             266.396820           -29.013510               32.390         3.7266523838            0.4219120                    0                2.780
   326 174535.28-290101.4             266.397030           -29.017070                  NaN         2.3120019436                  NaN                  NaN                  NaN
   327 174535.52-290112.5             266.398030           -29.020140               8.8490         4.7049527168            1.0037720                    0              0.91030
   328 174535.62-285953.4             266.398440           -28.998190                 33.0          6.623424530            0.8432980                    0               2.5610
   329 174535.68-285958.4              266.39870           -28.999580                  NaN         1.7784285545                  NaN                  NaN                  NaN
   330 174535.71-285955.5              266.39880           -28.998750                  NaN         2.5504851341                  NaN                  NaN                  NaN
   331 174535.76-290109.4             266.399020           -29.019290               5.6790         9.3392925262            1.0883280                    0               2.7140
   332 174535.71-290114.6             266.398830           -29.020730               32.390         4.2501931190            1.2033920                    0               4.7080
   333 174535.83-290104.0             266.399320           -29.017790               32.390         7.8914103508            1.7187940                    0               7.1880
   334 174535.79-290107.4             266.399130           -29.018740                  NaN         3.6574726105                  NaN                  NaN                  NaN
   335 174536.13-290120.8             266.400560           -29.022460                  NaN     0.30302381515503                  NaN                  NaN                  NaN
   336 174536.33-285938.5             266.401390           -28.994030               32.390         3.7946937084            0.9696420                    0                2.360
   337 174536.42-290114.5             266.401770           -29.020710               32.390         5.0402026176            1.2908940                    0              0.94680
   338 174536.77-290121.2             266.403230           -29.022560               9.8590         4.0644617081             2.753440                    0              0.18030
   339 174536.81-285924.5             266.403410           -28.990160                  NaN         2.5722663403                  NaN                  NaN                  NaN
   340 174536.88-290125.4             266.403680           -29.023750               32.390         3.9031348228            0.7880420                    0               2.2250
   341 174536.92-290123.6             266.403860           -29.023240               8.4690         5.0219774246             0.708780                    0               1.4460
   342 174537.20-285926.4             266.405020           -28.990690               21.110         6.0407962799             1.586350                    0               2.0460
   343 174537.21-290126.1             266.405060           -29.023940               32.390         4.1654920578            1.3651640                    0                1.840
   344 174537.19-290135.5             266.404990           -29.026550               32.390         5.8836250305            0.8999540                    0                2.570
   345 174537.78-290130.8             266.407440           -29.025250               32.390         3.5362904072            1.7382760                    0               3.0340
   346 174537.75-290134.0             266.407310           -29.026120               32.390         3.7715184689            0.9025220                    0               4.5030
   347 174537.82-285920.4             266.407620             -28.9890                  NaN         3.4805254936                  NaN                  NaN                  NaN
   348 174537.98-290134.5             266.408290           -29.026250              0.86410        10.3797044754         1.2698058824               1.0430              0.68840
   349 174537.90-290135.9             266.407940           -29.026640               5.7690         9.9635238647              2.90070                    0               3.0460
   350 174538.07-285916.7             266.408630           -28.987990               32.390        10.8905258179             4.249450                    0                    0
   351 174538.35-290142.4             266.409830           -29.028460               32.390         3.8334121704             1.374280                    0               2.3680
   352 174538.61-290141.8             266.410880           -29.028290               6.8210         4.8689703941            0.8776240                    0                1.780
   353 174538.70-285915.8             266.411260           -28.987750               32.390         5.3439774513            0.6927680                    0              0.18010
   354 174539.26-290140.6             266.413590           -29.027970                  NaN         2.5118095875                  NaN                  NaN                  NaN
   355 174539.30-285918.9             266.413790            -28.98860                  NaN         3.4149160385                  NaN                  NaN                  NaN
   356 174539.94-290141.1             266.416420            -29.02810               32.390         3.7542815208            0.7190220                    0                8.610
   357 174540.00-285910.7             266.416680           -28.986320               6.4450         4.2924857140            1.2969940                    0               1.7830
   358 174540.52-285916.2             266.418870           -28.987840                 33.0        12.3621444702         1.5077777778                    0               6.7760
   359 174540.71-290141.6             266.419630           -29.028240               1.5620         4.8607563972            0.3502320               10.230              0.63370
   360 174540.86-290145.1             266.420290            -29.02920                  NaN        -1.5266685486                  NaN                  NaN                  NaN
   361 174541.03-285913.8             266.420960           -28.987170                  NaN         2.3912198544                  NaN                  NaN                  NaN
   362 174541.45-290137.8             266.422710           -29.027180               32.390        12.9199028015         4.6926666667                    0                    0
   363 174541.94-285917.2             266.424780           -28.988130                  NaN         2.6916100979                  NaN                  NaN                  NaN
   364 174542.21-290132.0             266.425890           -29.025560               1.1240         3.8349173069            0.3745580               2.7450              0.58670
   365 174542.47-285927.3             266.426990           -28.990940               32.390         6.5520181656            1.0073680                    0               6.8090
   366 174542.74-285923.4             266.428120           -28.989850               32.390         5.2460975647            0.5277960                    0              0.19680
   367 174542.96-285931.8             266.429030           -28.992170               7.2850         6.4032373428             1.298730                    0               1.5120
   368 174542.97-290126.5             266.429080           -29.024030               32.390         4.9312520027            1.1984460                    0               2.2510
   369 174543.15-285934.3             266.429820           -28.992880               32.390         5.5676665306             2.004780                    0               4.5690
   370 174543.13-290129.8             266.429730           -29.024970                  NaN         3.5311369896                  NaN                  NaN                  NaN
   371 174543.78-285947.0             266.432450            -28.99640               32.390        26.9137611389         2.7326666667                    0               20.650
   372 174543.95-285946.9             266.433140           -28.996370                  NaN        -2.8267180920                  NaN                  NaN                  NaN
   373 174544.00-285941.6             266.433360           -28.994890                 33.0         7.1210069656            1.0899260                    0               5.1430
   374 174544.08-285943.9             266.433680           -28.995540                  NaN        -7.4839949608                  NaN                  NaN                  NaN
   375 174544.02-290104.6             266.433430           -29.017960                  NaN      0.2541803419590                  NaN                  NaN                  NaN
   376 174544.01-290106.8              266.43340           -29.018570               32.390         6.1004681587            0.4805840                    0              0.69570
   377 174544.17-285940.7             266.434070           -28.994660                  NaN         2.1618082523                  NaN                  NaN                  NaN
   378 174544.21-290102.7             266.434240           -29.017430                  NaN         3.6079275608                  NaN                  NaN                  NaN
   379 174544.43-290000.3             266.435150            -29.00010               32.390         5.6949048042            1.4587620                    0               3.2770
   380 174544.49-290104.2             266.435410           -29.017840               32.390         4.6592898369            0.6549420                    0               3.2990
   381 174544.57-290000.6             266.435750           -29.000180                 33.0         7.0538420677            1.2563940                    0               5.3050
   382 174544.65-290020.1             266.436080           -29.005590                  NaN         3.1065430641                  NaN                  NaN                  NaN
   383 174544.67-290100.5             266.436150           -29.016830               7.1590         3.8761334419            1.2188640                    0               1.8330
   384 174544.76-290021.9             266.436510            -29.00610               5.1370         4.5205779076            0.8216450                    0              0.93020
   385 174544.88-290002.3               266.4370           -29.000650               32.390         5.6172089577            1.2165420                    0               5.5420
   386 174544.80-290031.0             266.436690           -29.008620                  NaN         2.1564300060                  NaN                  NaN                  NaN
   387 174544.84-290059.2             266.436840           -29.016450                  NaN         2.6463406086                  NaN                  NaN                  NaN
   388 174544.99-290017.1             266.437470           -29.004770                  NaN         2.6202309132                  NaN                  NaN                  NaN
   389 174544.98-290027.3             266.437440            -29.00760                 33.0        39.9373588562         1.5753777778                    0               17.710
