174539.07-290029.4	13.416910	76.001686	0.446123
174539.84-290014.3	14.411169	121.330315	0.747082
174540.04-290030.9	2.518017	2232.443604	0.586612
174540.18-290016.7	12.343438	155.649246	0.539636
174540.21-290042.5	14.337001	260.715607	0.561306
174540.33-290039.4	12.098233	63.710537	0.740856
174540.55-290019.0	13.031497	276.382965	0.303954
174540.64-290033.3	11.239733	61.011833	0.793646
174540.73-290027.9	11.545492	108.267906	0.837421
174538.88-290027.1	16.310658	215.927841	0.614830
174538.87-290041.8	21.014921	440.612946	0.541004
174538.91-290009.5	24.793320	53.760399	0.784846
174539.32-290051.1	24.490308	134.364487	0.521209
174539.66-290053.1	24.873059	55.491150	0.683900
174539.96-290047.3	18.673235	90.575638	0.562055
174540.07-290005.7	22.933302	1249.824585	0.433121
174540.01-290012.5	16.151804	171.313004	0.617914
174540.04-290046.3	17.741021	150.484802	0.302052
174540.34-290009.5	19.978939	121.081100	0.805896
174540.82-290039.8	17.041279	83.488182	0.943447
174540.98-290014.3	20.942561	3668.288818	0.631769
174541.02-290017.6	19.309196	404.230835	0.505885
174541.10-290029.0	17.068347	235.113235	0.302977
174541.49-290027.1	23.016073	422.720306	0.384819
174538.07-290022.4	29.116254	8428.064453	0.560995
174538.42-290044.0	27.801145	247.509369	0.541459
174538.97-290006.8	26.450195	62.434151	0.364088
174539.07-290055.1	29.662626	92.868706	0.384823
174539.41-290002.0	27.862360	53.201469	0.382116
174540.16-290055.6	27.122308	1028.280151	0.477800
174540.61-290001.8	28.537173	246.458862	0.635830
174540.83-290002.8	28.892535	68.015823	0.838003
174541.01-290052.2	28.337308	78.122627	0.596688
174541.32-290009.6	27.923738	93.643463	0.386442
174541.56-290020.5	25.276643	239.523727	0.484819
174541.54-290043.5	27.900750	104.369720	0.628845
174541.70-290028.3	26.029715	193.312302	0.462452
174541.84-290037.6	29.597594	605.085938	0.770838
174541.92-290032.7	29.700438	190.549896	0.682672
174537.34-290027.9	39.390780	88.645172	0.608156
174537.55-290029.4	36.117246	77.369415	0.750984
174537.66-290035.0	35.175959	221.434204	0.515683
174537.88-290028.9	31.212932	62.597115	0.807946
174537.99-290037.8	30.921936	84.167931	0.388016
174537.98-290052.9	38.473786	81.799545	0.923499
174538.09-290051.3	36.167129	71.550438	0.634956
174538.18-290047.3	32.571094	369.436523	0.646078
174538.18-290055.8	38.177291	184.273895	0.502361
174538.31-290048.8	31.984619	1157.013062	0.542045
174538.85-285952.9	39.387434	69.285484	0.836309
174538.85-290056.4	32.385487	275.483276	0.619695
174539.11-290106.3	39.846720	66.703789	0.637896
174539.60-290059.8	31.629570	178.996292	0.375342
174541.10-290104.1	39.342418	61.143246	0.623475
174541.39-290002.8	33.504539	78.338905	0.722432
174541.86-290042.2	31.523284	134.449921	0.484850
174537.15-290017.8	43.546081	68.519569	0.592453
174537.37-290010.0	43.190382	75.871033	0.544283
174537.29-290026.2	40.107440	58.181160	0.625779
174537.71-290001.9	43.090816	378.265076	0.587336
174537.74-290056.4	43.399153	64.540237	0.591264
174538.45-290103.7	41.731014	52.774906	1.133270
174539.16-285949.9	40.524538	73.935936	0.413019
174539.26-290107.4	40.161334	89.762222	0.592771
174541.61-285952.7	43.576409	553.418335	0.632433
174541.92-285955.1	44.572407	132.757263	0.656255
174542.41-290005.9	43.165157	61.478058	1.043041
174542.53-290049.4	43.695264	75.448303	0.744422
174542.70-290012.2	44.238869	64.641853	0.765268
174536.85-290042.9	48.851118	70.325394	0.619204
174536.91-290039.3	47.056281	437.623932	0.561196
174537.21-290055.5	49.281521	53.086056	0.445053
174537.30-290058.1	49.674888	53.292179	0.504205
174537.57-290058.6	46.713255	93.082642	0.635100
174537.76-290105.4	49.420441	53.857822	0.672851
174538.21-290105.9	45.616056	109.062485	0.636326
174538.83-285942.4	49.258347	53.191360	0.541277
174539.15-290112.7	45.781775	125.359940	0.461003
174540.33-285943.7	45.270725	53.860306	0.813792
174541.18-290113.5	48.464142	107.271538	0.885541
174541.54-285945.4	49.277729	116.361252	0.364303
174542.26-285959.6	45.105007	232.394485	0.513732
174536.36-290035.8	54.552587	70.626122	0.857395
174536.57-290010.4	54.001004	63.204838	0.710486
174536.59-290016.6	52.062093	62.188389	0.580195
174537.01-290058.3	53.232129	66.832855	0.661390
174537.04-285955.9	54.697885	66.038284	0.853320
174538.62-290115.0	50.551119	59.745125	0.897169
174539.30-290118.9	51.281874	81.959801	0.788716
174539.39-285938.1	51.240216	127.216583	0.696297
174540.97-285936.5	54.272448	89.910507	0.475914
174541.01-285940.7	50.442779	70.998734	0.724942
174541.72-285945.8	50.324125	137.461517	0.626000
174536.45-290053.8	58.333617	106.878281	0.428117
174537.23-290107.9	56.720231	77.081253	0.385363
174538.69-285935.8	56.175347	68.105721	0.717167
174538.65-290123.5	58.302509	112.461235	0.759475
174539.03-290122.1	55.304787	92.490997	0.599561
174539.09-290123.7	56.625225	78.730400	0.586566
174539.04-290126.7	59.697046	230.704178	0.695742
174539.45-285933.9	55.239739	87.700127	0.389074
174539.93-290123.8	55.215841	167.581802	0.646063
174540.04-285932.0	56.578529	191.863327	0.591932
174540.12-290125.7	57.097170	112.486748	0.770155
174541.62-285934.0	60.053308	381.204254	0.590304
174541.79-285936.1	59.232380	114.468910	0.458197
174543.35-290059.1	59.282912	55.006393	0.452248
174543.41-290056.3	58.588142	74.742622	0.532656
174543.54-290010.6	56.639848	72.484932	0.571890
174543.71-290044.5	58.461888	55.061325	0.749022
174543.83-290041.4	59.349929	53.970680	0.372903
174535.63-290011.9	67.095342	77.686615	0.651143
174535.62-290020.4	65.604851	67.263481	0.703492
174535.67-290034.8	64.628271	825.885803	0.614242
174535.85-290018.1	62.529926	114.986214	0.323179
174536.00-290047.1	62.201513	58.703827	0.607169
174536.08-290051.3	62.516843	70.352936	0.419851
174536.33-285955.1	63.928780	67.029945	0.760498
174536.64-290109.2	64.348021	76.446678	0.454805
174536.81-285940.3	67.571287	51.456642	1.041105
174537.00-290110.6	61.162018	158.602707	0.691486
174537.32-285942.7	60.578935	59.353760	0.501848
174537.59-285930.6	68.092668	123.236488	0.607434
174537.55-290125.6	67.455089	137.637436	0.533468
174537.80-290127.4	67.084190	66.936821	0.433103
174538.76-290133.9	67.754038	239.385193	0.469096
174538.92-290128.2	61.593224	60.540630	0.656579
174538.99-290133.8	66.776488	133.655258	0.609498
174539.08-285929.4	60.643477	64.374107	0.519338
174539.51-290129.8	61.598141	55.851276	1.212635
174539.75-285922.1	66.578214	52.958351	0.980628
174540.10-285918.9	69.775135	95.704987	0.750070
174540.23-285922.6	66.124052	169.482635	0.647244
174540.81-285923.6	66.299151	79.095680	0.823397
174541.02-285929.3	61.416600	58.628761	0.554763
174541.24-285930.1	61.542518	89.624115	0.850728
174541.62-285934.0	60.053308	371.390503	0.563012
174541.94-290120.8	60.048336	88.698685	0.862101
174542.05-285928.7	67.591933	65.514481	0.440013
174542.25-285932.3	65.892893	54.011776	0.610325
174542.53-285933.4	67.289864	50.224239	0.435218
174542.70-285943.2	61.180924	61.286541	0.471912
174543.13-285943.9	65.306380	75.596840	0.448317
174543.95-290007.8	63.316539	53.170170	0.432600
174544.11-290038.5	62.947940	65.121574	0.727201
174544.28-290018.2	65.625906	97.323112	0.504133
174534.88-290008.3	78.907849	165.612045	0.639576
174534.89-290040.6	76.999564	50.289371	0.722142
174534.91-290019.4	76.406784	120.541786	0.491962
174534.98-290032.1	74.781072	61.802658	0.479313
174535.00-290042.2	75.679512	130.017349	0.668415
174535.14-290031.9	72.399302	66.807404	0.427214
174535.28-290015.5	71.449938	75.618202	0.601912
174535.62-285953.4	74.020030	80.101341	0.329700
174535.76-290109.4	75.075411	135.704285	0.594395
174535.83-290104.0	71.344882	110.060753	0.603036
174537.20-285926.4	74.723776	70.337387	0.510746
174537.90-290135.9	74.007667	150.899628	0.576852
174538.07-285916.7	77.322999	167.496063	0.738594
174538.61-290141.8	75.951420	55.376816	0.484367
174538.70-285915.8	75.199361	58.696102	0.820000
174540.52-285916.2	72.930947	228.495880	0.548038
174541.45-290137.8	72.670571	214.640350	0.849594
174542.47-285927.3	71.927435	81.937828	0.635012
174542.74-285923.4	77.413300	59.588058	0.463457
174542.97-290126.5	73.395074	53.228012	0.533445
174543.15-285934.3	72.369939	68.518013	0.806602
174543.78-285947.0	70.834002	965.044006	0.768509
174544.00-285941.6	76.719052	125.217171	0.376359
174544.01-290106.8	71.739008	72.844727	0.492269
174544.43-290000.3	72.763754	89.088760	0.652727
174544.65-290020.1	70.896571	55.536449	0.483894
174544.88-290002.3	78.253506	86.203857	0.840346
174544.98-290027.3	75.287342	1861.223755	0.412896
174534.27-290023.6	85.505306	70.572281	0.386007
174534.67-290044.9	81.070955	105.460396	0.633433
174534.98-290118.8	89.985777	637.839966	0.831667
174535.57-290124.1	86.174560	4837.411621	0.626667
174537.64-290144.3	83.270567	658.405457	0.622415
174539.87-285901.5	87.106116	696.486572	0.480756
174540.82-290149.1	81.499186	361.166321	0.655279
174543.29-285917.4	86.967040	131.203339	0.804666
174544.82-285953.8	80.757600	213.487564	0.318649
174545.30-285959.8	85.111686	58.574223	0.611647
174545.48-290012.3	84.279870	54.508385	0.528041
174545.77-290015.5	88.066004	64.946609	0.749866
174534.02-285956.2	94.867135	123.303612	0.328406
174538.24-285858.8	93.520175	94.253777	0.419839
174546.02-290037.1	91.223485	142.030029	0.628975
